"lo" "la" "chl"
"1" 58 43 NA
"2" 58.0879120879121 43 NA
"3" 58.1758241758242 43 NA
"4" 58.2637362637363 43 NA
"5" 58.3516483516484 43 NA
"6" 58.4395604395604 43 NA
"7" 58.5274725274725 43 NA
"8" 58.6153846153846 43 NA
"9" 58.7032967032967 43 NA
"10" 58.7912087912088 43 NA
"11" 58.8791208791209 43 NA
"12" 58.967032967033 43 NA
"13" 59.054945054945 43 NA
"14" 59.1428571428571 43 NA
"15" 59.2307692307692 43 NA
"16" 59.3186813186813 43 NA
"17" 59.4065934065934 43 NA
"18" 59.4945054945055 43 NA
"19" 59.5824175824176 43 NA
"20" 59.6703296703297 43 NA
"21" 59.7582417582418 43 NA
"22" 59.8461538461538 43 NA
"23" 59.9340659340659 43 NA
"24" 60.021978021978 43 NA
"25" 60.1098901098901 43 NA
"26" 60.1978021978022 43 NA
"27" 60.2857142857143 43 NA
"28" 60.3736263736264 43 NA
"29" 60.4615384615385 43 NA
"30" 60.5494505494505 43 NA
"31" 60.6373626373626 43 NA
"32" 60.7252747252747 43 NA
"33" 60.8131868131868 43 NA
"34" 60.9010989010989 43 NA
"35" 60.989010989011 43 NA
"36" 61.0769230769231 43 NA
"37" 61.1648351648352 43 NA
"38" 61.2527472527473 43 NA
"39" 61.3406593406593 43 NA
"40" 61.4285714285714 43 NA
"41" 61.5164835164835 43 NA
"42" 61.6043956043956 43 NA
"43" 61.6923076923077 43 NA
"44" 61.7802197802198 43 NA
"45" 61.8681318681319 43 NA
"46" 61.956043956044 43 NA
"47" 58 43.0879120879121 NA
"48" 58.0879120879121 43.0879120879121 NA
"49" 58.1758241758242 43.0879120879121 NA
"50" 58.2637362637363 43.0879120879121 NA
"51" 58.3516483516484 43.0879120879121 NA
"52" 58.4395604395604 43.0879120879121 NA
"53" 58.5274725274725 43.0879120879121 NA
"54" 58.6153846153846 43.0879120879121 NA
"55" 58.7032967032967 43.0879120879121 NA
"56" 58.7912087912088 43.0879120879121 NA
"57" 58.8791208791209 43.0879120879121 NA
"58" 58.967032967033 43.0879120879121 NA
"59" 59.054945054945 43.0879120879121 NA
"60" 59.1428571428571 43.0879120879121 NA
"61" 59.2307692307692 43.0879120879121 NA
"62" 59.3186813186813 43.0879120879121 NA
"63" 59.4065934065934 43.0879120879121 NA
"64" 59.4945054945055 43.0879120879121 NA
"65" 59.5824175824176 43.0879120879121 NA
"66" 59.6703296703297 43.0879120879121 NA
"67" 59.7582417582418 43.0879120879121 NA
"68" 59.8461538461538 43.0879120879121 NA
"69" 59.9340659340659 43.0879120879121 NA
"70" 60.021978021978 43.0879120879121 NA
"71" 60.1098901098901 43.0879120879121 NA
"72" 60.1978021978022 43.0879120879121 NA
"73" 60.2857142857143 43.0879120879121 NA
"74" 60.3736263736264 43.0879120879121 NA
"75" 60.4615384615385 43.0879120879121 NA
"76" 60.5494505494505 43.0879120879121 NA
"77" 60.6373626373626 43.0879120879121 NA
"78" 60.7252747252747 43.0879120879121 NA
"79" 60.8131868131868 43.0879120879121 NA
"80" 60.9010989010989 43.0879120879121 NA
"81" 60.989010989011 43.0879120879121 NA
"82" 61.0769230769231 43.0879120879121 NA
"83" 61.1648351648352 43.0879120879121 NA
"84" 61.2527472527473 43.0879120879121 NA
"85" 61.3406593406593 43.0879120879121 NA
"86" 61.4285714285714 43.0879120879121 NA
"87" 61.5164835164835 43.0879120879121 NA
"88" 61.6043956043956 43.0879120879121 NA
"89" 61.6923076923077 43.0879120879121 NA
"90" 61.7802197802198 43.0879120879121 NA
"91" 61.8681318681319 43.0879120879121 NA
"92" 61.956043956044 43.0879120879121 NA
"93" 58 43.1758241758242 NA
"94" 58.0879120879121 43.1758241758242 NA
"95" 58.1758241758242 43.1758241758242 NA
"96" 58.2637362637363 43.1758241758242 NA
"97" 58.3516483516484 43.1758241758242 NA
"98" 58.4395604395604 43.1758241758242 NA
"99" 58.5274725274725 43.1758241758242 NA
"100" 58.6153846153846 43.1758241758242 NA
"101" 58.7032967032967 43.1758241758242 NA
"102" 58.7912087912088 43.1758241758242 NA
"103" 58.8791208791209 43.1758241758242 NA
"104" 58.967032967033 43.1758241758242 NA
"105" 59.054945054945 43.1758241758242 NA
"106" 59.1428571428571 43.1758241758242 NA
"107" 59.2307692307692 43.1758241758242 NA
"108" 59.3186813186813 43.1758241758242 NA
"109" 59.4065934065934 43.1758241758242 NA
"110" 59.4945054945055 43.1758241758242 NA
"111" 59.5824175824176 43.1758241758242 NA
"112" 59.6703296703297 43.1758241758242 NA
"113" 59.7582417582418 43.1758241758242 NA
"114" 59.8461538461538 43.1758241758242 NA
"115" 59.9340659340659 43.1758241758242 NA
"116" 60.021978021978 43.1758241758242 NA
"117" 60.1098901098901 43.1758241758242 NA
"118" 60.1978021978022 43.1758241758242 NA
"119" 60.2857142857143 43.1758241758242 NA
"120" 60.3736263736264 43.1758241758242 NA
"121" 60.4615384615385 43.1758241758242 NA
"122" 60.5494505494505 43.1758241758242 NA
"123" 60.6373626373626 43.1758241758242 NA
"124" 60.7252747252747 43.1758241758242 NA
"125" 60.8131868131868 43.1758241758242 NA
"126" 60.9010989010989 43.1758241758242 NA
"127" 60.989010989011 43.1758241758242 NA
"128" 61.0769230769231 43.1758241758242 NA
"129" 61.1648351648352 43.1758241758242 NA
"130" 61.2527472527473 43.1758241758242 NA
"131" 61.3406593406593 43.1758241758242 NA
"132" 61.4285714285714 43.1758241758242 NA
"133" 61.5164835164835 43.1758241758242 NA
"134" 61.6043956043956 43.1758241758242 NA
"135" 61.6923076923077 43.1758241758242 NA
"136" 61.7802197802198 43.1758241758242 NA
"137" 61.8681318681319 43.1758241758242 NA
"138" 61.956043956044 43.1758241758242 NA
"139" 58 43.2637362637363 NA
"140" 58.0879120879121 43.2637362637363 NA
"141" 58.1758241758242 43.2637362637363 NA
"142" 58.2637362637363 43.2637362637363 NA
"143" 58.3516483516484 43.2637362637363 NA
"144" 58.4395604395604 43.2637362637363 NA
"145" 58.5274725274725 43.2637362637363 NA
"146" 58.6153846153846 43.2637362637363 NA
"147" 58.7032967032967 43.2637362637363 NA
"148" 58.7912087912088 43.2637362637363 NA
"149" 58.8791208791209 43.2637362637363 NA
"150" 58.967032967033 43.2637362637363 NA
"151" 59.054945054945 43.2637362637363 NA
"152" 59.1428571428571 43.2637362637363 NA
"153" 59.2307692307692 43.2637362637363 NA
"154" 59.3186813186813 43.2637362637363 NA
"155" 59.4065934065934 43.2637362637363 NA
"156" 59.4945054945055 43.2637362637363 NA
"157" 59.5824175824176 43.2637362637363 NA
"158" 59.6703296703297 43.2637362637363 NA
"159" 59.7582417582418 43.2637362637363 NA
"160" 59.8461538461538 43.2637362637363 NA
"161" 59.9340659340659 43.2637362637363 NA
"162" 60.021978021978 43.2637362637363 NA
"163" 60.1098901098901 43.2637362637363 NA
"164" 60.1978021978022 43.2637362637363 NA
"165" 60.2857142857143 43.2637362637363 NA
"166" 60.3736263736264 43.2637362637363 NA
"167" 60.4615384615385 43.2637362637363 NA
"168" 60.5494505494505 43.2637362637363 NA
"169" 60.6373626373626 43.2637362637363 NA
"170" 60.7252747252747 43.2637362637363 NA
"171" 60.8131868131868 43.2637362637363 NA
"172" 60.9010989010989 43.2637362637363 NA
"173" 60.989010989011 43.2637362637363 NA
"174" 61.0769230769231 43.2637362637363 NA
"175" 61.1648351648352 43.2637362637363 NA
"176" 61.2527472527473 43.2637362637363 NA
"177" 61.3406593406593 43.2637362637363 NA
"178" 61.4285714285714 43.2637362637363 NA
"179" 61.5164835164835 43.2637362637363 NA
"180" 61.6043956043956 43.2637362637363 NA
"181" 61.6923076923077 43.2637362637363 NA
"182" 61.7802197802198 43.2637362637363 NA
"183" 61.8681318681319 43.2637362637363 NA
"184" 61.956043956044 43.2637362637363 NA
"185" 58 43.3516483516484 NA
"186" 58.0879120879121 43.3516483516484 NA
"187" 58.1758241758242 43.3516483516484 NA
"188" 58.2637362637363 43.3516483516484 NA
"189" 58.3516483516484 43.3516483516484 NA
"190" 58.4395604395604 43.3516483516484 NA
"191" 58.5274725274725 43.3516483516484 NA
"192" 58.6153846153846 43.3516483516484 NA
"193" 58.7032967032967 43.3516483516484 NA
"194" 58.7912087912088 43.3516483516484 NA
"195" 58.8791208791209 43.3516483516484 NA
"196" 58.967032967033 43.3516483516484 NA
"197" 59.054945054945 43.3516483516484 NA
"198" 59.1428571428571 43.3516483516484 NA
"199" 59.2307692307692 43.3516483516484 NA
"200" 59.3186813186813 43.3516483516484 NA
"201" 59.4065934065934 43.3516483516484 NA
"202" 59.4945054945055 43.3516483516484 NA
"203" 59.5824175824176 43.3516483516484 NA
"204" 59.6703296703297 43.3516483516484 NA
"205" 59.7582417582418 43.3516483516484 NA
"206" 59.8461538461538 43.3516483516484 NA
"207" 59.9340659340659 43.3516483516484 NA
"208" 60.021978021978 43.3516483516484 NA
"209" 60.1098901098901 43.3516483516484 NA
"210" 60.1978021978022 43.3516483516484 NA
"211" 60.2857142857143 43.3516483516484 NA
"212" 60.3736263736264 43.3516483516484 NA
"213" 60.4615384615385 43.3516483516484 NA
"214" 60.5494505494505 43.3516483516484 NA
"215" 60.6373626373626 43.3516483516484 NA
"216" 60.7252747252747 43.3516483516484 NA
"217" 60.8131868131868 43.3516483516484 NA
"218" 60.9010989010989 43.3516483516484 NA
"219" 60.989010989011 43.3516483516484 NA
"220" 61.0769230769231 43.3516483516484 NA
"221" 61.1648351648352 43.3516483516484 NA
"222" 61.2527472527473 43.3516483516484 NA
"223" 61.3406593406593 43.3516483516484 NA
"224" 61.4285714285714 43.3516483516484 NA
"225" 61.5164835164835 43.3516483516484 NA
"226" 61.6043956043956 43.3516483516484 NA
"227" 61.6923076923077 43.3516483516484 NA
"228" 61.7802197802198 43.3516483516484 NA
"229" 61.8681318681319 43.3516483516484 NA
"230" 61.956043956044 43.3516483516484 NA
"231" 58 43.4395604395604 NA
"232" 58.0879120879121 43.4395604395604 NA
"233" 58.1758241758242 43.4395604395604 NA
"234" 58.2637362637363 43.4395604395604 NA
"235" 58.3516483516484 43.4395604395604 NA
"236" 58.4395604395604 43.4395604395604 NA
"237" 58.5274725274725 43.4395604395604 NA
"238" 58.6153846153846 43.4395604395604 NA
"239" 58.7032967032967 43.4395604395604 NA
"240" 58.7912087912088 43.4395604395604 NA
"241" 58.8791208791209 43.4395604395604 NA
"242" 58.967032967033 43.4395604395604 NA
"243" 59.054945054945 43.4395604395604 NA
"244" 59.1428571428571 43.4395604395604 NA
"245" 59.2307692307692 43.4395604395604 NA
"246" 59.3186813186813 43.4395604395604 NA
"247" 59.4065934065934 43.4395604395604 NA
"248" 59.4945054945055 43.4395604395604 NA
"249" 59.5824175824176 43.4395604395604 NA
"250" 59.6703296703297 43.4395604395604 NA
"251" 59.7582417582418 43.4395604395604 NA
"252" 59.8461538461538 43.4395604395604 NA
"253" 59.9340659340659 43.4395604395604 NA
"254" 60.021978021978 43.4395604395604 NA
"255" 60.1098901098901 43.4395604395604 NA
"256" 60.1978021978022 43.4395604395604 NA
"257" 60.2857142857143 43.4395604395604 NA
"258" 60.3736263736264 43.4395604395604 NA
"259" 60.4615384615385 43.4395604395604 NA
"260" 60.5494505494505 43.4395604395604 NA
"261" 60.6373626373626 43.4395604395604 NA
"262" 60.7252747252747 43.4395604395604 NA
"263" 60.8131868131868 43.4395604395604 NA
"264" 60.9010989010989 43.4395604395604 NA
"265" 60.989010989011 43.4395604395604 NA
"266" 61.0769230769231 43.4395604395604 NA
"267" 61.1648351648352 43.4395604395604 NA
"268" 61.2527472527473 43.4395604395604 NA
"269" 61.3406593406593 43.4395604395604 NA
"270" 61.4285714285714 43.4395604395604 NA
"271" 61.5164835164835 43.4395604395604 NA
"272" 61.6043956043956 43.4395604395604 NA
"273" 61.6923076923077 43.4395604395604 NA
"274" 61.7802197802198 43.4395604395604 NA
"275" 61.8681318681319 43.4395604395604 NA
"276" 61.956043956044 43.4395604395604 NA
"277" 58 43.5274725274725 NA
"278" 58.0879120879121 43.5274725274725 NA
"279" 58.1758241758242 43.5274725274725 NA
"280" 58.2637362637363 43.5274725274725 NA
"281" 58.3516483516484 43.5274725274725 NA
"282" 58.4395604395604 43.5274725274725 NA
"283" 58.5274725274725 43.5274725274725 NA
"284" 58.6153846153846 43.5274725274725 NA
"285" 58.7032967032967 43.5274725274725 NA
"286" 58.7912087912088 43.5274725274725 NA
"287" 58.8791208791209 43.5274725274725 NA
"288" 58.967032967033 43.5274725274725 NA
"289" 59.054945054945 43.5274725274725 NA
"290" 59.1428571428571 43.5274725274725 NA
"291" 59.2307692307692 43.5274725274725 NA
"292" 59.3186813186813 43.5274725274725 NA
"293" 59.4065934065934 43.5274725274725 NA
"294" 59.4945054945055 43.5274725274725 NA
"295" 59.5824175824176 43.5274725274725 NA
"296" 59.6703296703297 43.5274725274725 NA
"297" 59.7582417582418 43.5274725274725 NA
"298" 59.8461538461538 43.5274725274725 NA
"299" 59.9340659340659 43.5274725274725 NA
"300" 60.021978021978 43.5274725274725 NA
"301" 60.1098901098901 43.5274725274725 NA
"302" 60.1978021978022 43.5274725274725 NA
"303" 60.2857142857143 43.5274725274725 NA
"304" 60.3736263736264 43.5274725274725 NA
"305" 60.4615384615385 43.5274725274725 NA
"306" 60.5494505494505 43.5274725274725 NA
"307" 60.6373626373626 43.5274725274725 NA
"308" 60.7252747252747 43.5274725274725 NA
"309" 60.8131868131868 43.5274725274725 NA
"310" 60.9010989010989 43.5274725274725 NA
"311" 60.989010989011 43.5274725274725 NA
"312" 61.0769230769231 43.5274725274725 NA
"313" 61.1648351648352 43.5274725274725 NA
"314" 61.2527472527473 43.5274725274725 NA
"315" 61.3406593406593 43.5274725274725 NA
"316" 61.4285714285714 43.5274725274725 NA
"317" 61.5164835164835 43.5274725274725 NA
"318" 61.6043956043956 43.5274725274725 NA
"319" 61.6923076923077 43.5274725274725 NA
"320" 61.7802197802198 43.5274725274725 NA
"321" 61.8681318681319 43.5274725274725 NA
"322" 61.956043956044 43.5274725274725 NA
"323" 58 43.6153846153846 NA
"324" 58.0879120879121 43.6153846153846 NA
"325" 58.1758241758242 43.6153846153846 NA
"326" 58.2637362637363 43.6153846153846 NA
"327" 58.3516483516484 43.6153846153846 NA
"328" 58.4395604395604 43.6153846153846 NA
"329" 58.5274725274725 43.6153846153846 NA
"330" 58.6153846153846 43.6153846153846 NA
"331" 58.7032967032967 43.6153846153846 NA
"332" 58.7912087912088 43.6153846153846 NA
"333" 58.8791208791209 43.6153846153846 NA
"334" 58.967032967033 43.6153846153846 NA
"335" 59.054945054945 43.6153846153846 NA
"336" 59.1428571428571 43.6153846153846 NA
"337" 59.2307692307692 43.6153846153846 NA
"338" 59.3186813186813 43.6153846153846 NA
"339" 59.4065934065934 43.6153846153846 NA
"340" 59.4945054945055 43.6153846153846 NA
"341" 59.5824175824176 43.6153846153846 NA
"342" 59.6703296703297 43.6153846153846 NA
"343" 59.7582417582418 43.6153846153846 NA
"344" 59.8461538461538 43.6153846153846 NA
"345" 59.9340659340659 43.6153846153846 NA
"346" 60.021978021978 43.6153846153846 NA
"347" 60.1098901098901 43.6153846153846 NA
"348" 60.1978021978022 43.6153846153846 NA
"349" 60.2857142857143 43.6153846153846 NA
"350" 60.3736263736264 43.6153846153846 NA
"351" 60.4615384615385 43.6153846153846 NA
"352" 60.5494505494505 43.6153846153846 NA
"353" 60.6373626373626 43.6153846153846 NA
"354" 60.7252747252747 43.6153846153846 NA
"355" 60.8131868131868 43.6153846153846 NA
"356" 60.9010989010989 43.6153846153846 NA
"357" 60.989010989011 43.6153846153846 NA
"358" 61.0769230769231 43.6153846153846 NA
"359" 61.1648351648352 43.6153846153846 NA
"360" 61.2527472527473 43.6153846153846 NA
"361" 61.3406593406593 43.6153846153846 NA
"362" 61.4285714285714 43.6153846153846 NA
"363" 61.5164835164835 43.6153846153846 NA
"364" 61.6043956043956 43.6153846153846 NA
"365" 61.6923076923077 43.6153846153846 NA
"366" 61.7802197802198 43.6153846153846 NA
"367" 61.8681318681319 43.6153846153846 NA
"368" 61.956043956044 43.6153846153846 NA
"369" 58 43.7032967032967 NA
"370" 58.0879120879121 43.7032967032967 NA
"371" 58.1758241758242 43.7032967032967 NA
"372" 58.2637362637363 43.7032967032967 NA
"373" 58.3516483516484 43.7032967032967 NA
"374" 58.4395604395604 43.7032967032967 NA
"375" 58.5274725274725 43.7032967032967 NA
"376" 58.6153846153846 43.7032967032967 NA
"377" 58.7032967032967 43.7032967032967 NA
"378" 58.7912087912088 43.7032967032967 NA
"379" 58.8791208791209 43.7032967032967 NA
"380" 58.967032967033 43.7032967032967 NA
"381" 59.054945054945 43.7032967032967 NA
"382" 59.1428571428571 43.7032967032967 NA
"383" 59.2307692307692 43.7032967032967 NA
"384" 59.3186813186813 43.7032967032967 NA
"385" 59.4065934065934 43.7032967032967 NA
"386" 59.4945054945055 43.7032967032967 NA
"387" 59.5824175824176 43.7032967032967 NA
"388" 59.6703296703297 43.7032967032967 NA
"389" 59.7582417582418 43.7032967032967 NA
"390" 59.8461538461538 43.7032967032967 NA
"391" 59.9340659340659 43.7032967032967 NA
"392" 60.021978021978 43.7032967032967 NA
"393" 60.1098901098901 43.7032967032967 NA
"394" 60.1978021978022 43.7032967032967 NA
"395" 60.2857142857143 43.7032967032967 NA
"396" 60.3736263736264 43.7032967032967 NA
"397" 60.4615384615385 43.7032967032967 NA
"398" 60.5494505494505 43.7032967032967 NA
"399" 60.6373626373626 43.7032967032967 NA
"400" 60.7252747252747 43.7032967032967 NA
"401" 60.8131868131868 43.7032967032967 NA
"402" 60.9010989010989 43.7032967032967 NA
"403" 60.989010989011 43.7032967032967 NA
"404" 61.0769230769231 43.7032967032967 NA
"405" 61.1648351648352 43.7032967032967 NA
"406" 61.2527472527473 43.7032967032967 NA
"407" 61.3406593406593 43.7032967032967 NA
"408" 61.4285714285714 43.7032967032967 NA
"409" 61.5164835164835 43.7032967032967 NA
"410" 61.6043956043956 43.7032967032967 NA
"411" 61.6923076923077 43.7032967032967 NA
"412" 61.7802197802198 43.7032967032967 NA
"413" 61.8681318681319 43.7032967032967 NA
"414" 61.956043956044 43.7032967032967 NA
"415" 58 43.7912087912088 NA
"416" 58.0879120879121 43.7912087912088 NA
"417" 58.1758241758242 43.7912087912088 NA
"418" 58.2637362637363 43.7912087912088 NA
"419" 58.3516483516484 43.7912087912088 NA
"420" 58.4395604395604 43.7912087912088 NA
"421" 58.5274725274725 43.7912087912088 NA
"422" 58.6153846153846 43.7912087912088 NA
"423" 58.7032967032967 43.7912087912088 NA
"424" 58.7912087912088 43.7912087912088 NA
"425" 58.8791208791209 43.7912087912088 NA
"426" 58.967032967033 43.7912087912088 NA
"427" 59.054945054945 43.7912087912088 NA
"428" 59.1428571428571 43.7912087912088 NA
"429" 59.2307692307692 43.7912087912088 NA
"430" 59.3186813186813 43.7912087912088 NA
"431" 59.4065934065934 43.7912087912088 NA
"432" 59.4945054945055 43.7912087912088 NA
"433" 59.5824175824176 43.7912087912088 NA
"434" 59.6703296703297 43.7912087912088 NA
"435" 59.7582417582418 43.7912087912088 NA
"436" 59.8461538461538 43.7912087912088 NA
"437" 59.9340659340659 43.7912087912088 NA
"438" 60.021978021978 43.7912087912088 NA
"439" 60.1098901098901 43.7912087912088 NA
"440" 60.1978021978022 43.7912087912088 NA
"441" 60.2857142857143 43.7912087912088 NA
"442" 60.3736263736264 43.7912087912088 NA
"443" 60.4615384615385 43.7912087912088 NA
"444" 60.5494505494505 43.7912087912088 NA
"445" 60.6373626373626 43.7912087912088 NA
"446" 60.7252747252747 43.7912087912088 NA
"447" 60.8131868131868 43.7912087912088 NA
"448" 60.9010989010989 43.7912087912088 NA
"449" 60.989010989011 43.7912087912088 NA
"450" 61.0769230769231 43.7912087912088 NA
"451" 61.1648351648352 43.7912087912088 NA
"452" 61.2527472527473 43.7912087912088 NA
"453" 61.3406593406593 43.7912087912088 NA
"454" 61.4285714285714 43.7912087912088 NA
"455" 61.5164835164835 43.7912087912088 NA
"456" 61.6043956043956 43.7912087912088 NA
"457" 61.6923076923077 43.7912087912088 NA
"458" 61.7802197802198 43.7912087912088 NA
"459" 61.8681318681319 43.7912087912088 NA
"460" 61.956043956044 43.7912087912088 NA
"461" 58 43.8791208791209 NA
"462" 58.0879120879121 43.8791208791209 NA
"463" 58.1758241758242 43.8791208791209 NA
"464" 58.2637362637363 43.8791208791209 NA
"465" 58.3516483516484 43.8791208791209 NA
"466" 58.4395604395604 43.8791208791209 NA
"467" 58.5274725274725 43.8791208791209 NA
"468" 58.6153846153846 43.8791208791209 NA
"469" 58.7032967032967 43.8791208791209 NA
"470" 58.7912087912088 43.8791208791209 NA
"471" 58.8791208791209 43.8791208791209 NA
"472" 58.967032967033 43.8791208791209 NA
"473" 59.054945054945 43.8791208791209 NA
"474" 59.1428571428571 43.8791208791209 NA
"475" 59.2307692307692 43.8791208791209 NA
"476" 59.3186813186813 43.8791208791209 NA
"477" 59.4065934065934 43.8791208791209 NA
"478" 59.4945054945055 43.8791208791209 NA
"479" 59.5824175824176 43.8791208791209 NA
"480" 59.6703296703297 43.8791208791209 NA
"481" 59.7582417582418 43.8791208791209 NA
"482" 59.8461538461538 43.8791208791209 NA
"483" 59.9340659340659 43.8791208791209 NA
"484" 60.021978021978 43.8791208791209 NA
"485" 60.1098901098901 43.8791208791209 NA
"486" 60.1978021978022 43.8791208791209 NA
"487" 60.2857142857143 43.8791208791209 NA
"488" 60.3736263736264 43.8791208791209 NA
"489" 60.4615384615385 43.8791208791209 NA
"490" 60.5494505494505 43.8791208791209 NA
"491" 60.6373626373626 43.8791208791209 NA
"492" 60.7252747252747 43.8791208791209 NA
"493" 60.8131868131868 43.8791208791209 NA
"494" 60.9010989010989 43.8791208791209 NA
"495" 60.989010989011 43.8791208791209 NA
"496" 61.0769230769231 43.8791208791209 NA
"497" 61.1648351648352 43.8791208791209 NA
"498" 61.2527472527473 43.8791208791209 NA
"499" 61.3406593406593 43.8791208791209 NA
"500" 61.4285714285714 43.8791208791209 NA
"501" 61.5164835164835 43.8791208791209 NA
"502" 61.6043956043956 43.8791208791209 NA
"503" 61.6923076923077 43.8791208791209 NA
"504" 61.7802197802198 43.8791208791209 NA
"505" 61.8681318681319 43.8791208791209 NA
"506" 61.956043956044 43.8791208791209 NA
"507" 58 43.967032967033 NA
"508" 58.0879120879121 43.967032967033 NA
"509" 58.1758241758242 43.967032967033 NA
"510" 58.2637362637363 43.967032967033 NA
"511" 58.3516483516484 43.967032967033 NA
"512" 58.4395604395604 43.967032967033 NA
"513" 58.5274725274725 43.967032967033 NA
"514" 58.6153846153846 43.967032967033 NA
"515" 58.7032967032967 43.967032967033 NA
"516" 58.7912087912088 43.967032967033 NA
"517" 58.8791208791209 43.967032967033 NA
"518" 58.967032967033 43.967032967033 NA
"519" 59.054945054945 43.967032967033 NA
"520" 59.1428571428571 43.967032967033 NA
"521" 59.2307692307692 43.967032967033 NA
"522" 59.3186813186813 43.967032967033 NA
"523" 59.4065934065934 43.967032967033 NA
"524" 59.4945054945055 43.967032967033 NA
"525" 59.5824175824176 43.967032967033 NA
"526" 59.6703296703297 43.967032967033 NA
"527" 59.7582417582418 43.967032967033 NA
"528" 59.8461538461538 43.967032967033 NA
"529" 59.9340659340659 43.967032967033 NA
"530" 60.021978021978 43.967032967033 NA
"531" 60.1098901098901 43.967032967033 NA
"532" 60.1978021978022 43.967032967033 NA
"533" 60.2857142857143 43.967032967033 NA
"534" 60.3736263736264 43.967032967033 NA
"535" 60.4615384615385 43.967032967033 NA
"536" 60.5494505494505 43.967032967033 NA
"537" 60.6373626373626 43.967032967033 NA
"538" 60.7252747252747 43.967032967033 NA
"539" 60.8131868131868 43.967032967033 NA
"540" 60.9010989010989 43.967032967033 NA
"541" 60.989010989011 43.967032967033 NA
"542" 61.0769230769231 43.967032967033 NA
"543" 61.1648351648352 43.967032967033 NA
"544" 61.2527472527473 43.967032967033 NA
"545" 61.3406593406593 43.967032967033 NA
"546" 61.4285714285714 43.967032967033 NA
"547" 61.5164835164835 43.967032967033 NA
"548" 61.6043956043956 43.967032967033 NA
"549" 61.6923076923077 43.967032967033 NA
"550" 61.7802197802198 43.967032967033 NA
"551" 61.8681318681319 43.967032967033 NA
"552" 61.956043956044 43.967032967033 NA
"553" 58 44.0549450549451 NA
"554" 58.0879120879121 44.0549450549451 NA
"555" 58.1758241758242 44.0549450549451 NA
"556" 58.2637362637363 44.0549450549451 NA
"557" 58.3516483516484 44.0549450549451 NA
"558" 58.4395604395604 44.0549450549451 NA
"559" 58.5274725274725 44.0549450549451 NA
"560" 58.6153846153846 44.0549450549451 NA
"561" 58.7032967032967 44.0549450549451 NA
"562" 58.7912087912088 44.0549450549451 NA
"563" 58.8791208791209 44.0549450549451 NA
"564" 58.967032967033 44.0549450549451 NA
"565" 59.054945054945 44.0549450549451 NA
"566" 59.1428571428571 44.0549450549451 NA
"567" 59.2307692307692 44.0549450549451 NA
"568" 59.3186813186813 44.0549450549451 NA
"569" 59.4065934065934 44.0549450549451 NA
"570" 59.4945054945055 44.0549450549451 NA
"571" 59.5824175824176 44.0549450549451 9.3325430079699
"572" 59.6703296703297 44.0549450549451 9.3325430079699
"573" 59.7582417582418 44.0549450549451 NA
"574" 59.8461538461538 44.0549450549451 NA
"575" 59.9340659340659 44.0549450549451 NA
"576" 60.021978021978 44.0549450549451 NA
"577" 60.1098901098901 44.0549450549451 NA
"578" 60.1978021978022 44.0549450549451 NA
"579" 60.2857142857143 44.0549450549451 NA
"580" 60.3736263736264 44.0549450549451 NA
"581" 60.4615384615385 44.0549450549451 NA
"582" 60.5494505494505 44.0549450549451 NA
"583" 60.6373626373626 44.0549450549451 NA
"584" 60.7252747252747 44.0549450549451 NA
"585" 60.8131868131868 44.0549450549451 NA
"586" 60.9010989010989 44.0549450549451 NA
"587" 60.989010989011 44.0549450549451 NA
"588" 61.0769230769231 44.0549450549451 NA
"589" 61.1648351648352 44.0549450549451 NA
"590" 61.2527472527473 44.0549450549451 NA
"591" 61.3406593406593 44.0549450549451 NA
"592" 61.4285714285714 44.0549450549451 NA
"593" 61.5164835164835 44.0549450549451 NA
"594" 61.6043956043956 44.0549450549451 NA
"595" 61.6923076923077 44.0549450549451 NA
"596" 61.7802197802198 44.0549450549451 NA
"597" 61.8681318681319 44.0549450549451 NA
"598" 61.956043956044 44.0549450549451 NA
"599" 58 44.1428571428571 NA
"600" 58.0879120879121 44.1428571428571 NA
"601" 58.1758241758242 44.1428571428571 NA
"602" 58.2637362637363 44.1428571428571 NA
"603" 58.3516483516484 44.1428571428571 NA
"604" 58.4395604395604 44.1428571428571 NA
"605" 58.5274725274725 44.1428571428571 NA
"606" 58.6153846153846 44.1428571428571 NA
"607" 58.7032967032967 44.1428571428571 NA
"608" 58.7912087912088 44.1428571428571 NA
"609" 58.8791208791209 44.1428571428571 NA
"610" 58.967032967033 44.1428571428571 NA
"611" 59.054945054945 44.1428571428571 3.1988951096914
"612" 59.1428571428571 44.1428571428571 11.8850222743702
"613" 59.2307692307692 44.1428571428571 3.4276778654645
"614" 59.3186813186813 44.1428571428571 11.8850222743702
"615" 59.4065934065934 44.1428571428571 11.8850222743702
"616" 59.4945054945055 44.1428571428571 9.66050878989813
"617" 59.5824175824176 44.1428571428571 9.3325430079699
"618" 59.6703296703297 44.1428571428571 9.3325430079699
"619" 59.7582417582418 44.1428571428571 9.01571137605957
"620" 59.8461538461538 44.1428571428571 12.7350308101666
"621" 59.9340659340659 44.1428571428571 8.7096358995608
"622" 60.021978021978 44.1428571428571 8.12830516164099
"623" 60.1098901098901 44.1428571428571 8.12830516164099
"624" 60.1978021978022 44.1428571428571 NA
"625" 60.2857142857143 44.1428571428571 NA
"626" 60.3736263736264 44.1428571428571 NA
"627" 60.4615384615385 44.1428571428571 NA
"628" 60.5494505494505 44.1428571428571 NA
"629" 60.6373626373626 44.1428571428571 NA
"630" 60.7252747252747 44.1428571428571 NA
"631" 60.8131868131868 44.1428571428571 NA
"632" 60.9010989010989 44.1428571428571 NA
"633" 60.989010989011 44.1428571428571 NA
"634" 61.0769230769231 44.1428571428571 NA
"635" 61.1648351648352 44.1428571428571 NA
"636" 61.2527472527473 44.1428571428571 NA
"637" 61.3406593406593 44.1428571428571 NA
"638" 61.4285714285714 44.1428571428571 NA
"639" 61.5164835164835 44.1428571428571 NA
"640" 61.6043956043956 44.1428571428571 NA
"641" 61.6923076923077 44.1428571428571 NA
"642" 61.7802197802198 44.1428571428571 NA
"643" 61.8681318681319 44.1428571428571 NA
"644" 61.956043956044 44.1428571428571 NA
"645" 58 44.2307692307692 NA
"646" 58.0879120879121 44.2307692307692 NA
"647" 58.1758241758242 44.2307692307692 NA
"648" 58.2637362637363 44.2307692307692 NA
"649" 58.3516483516484 44.2307692307692 NA
"650" 58.4395604395604 44.2307692307692 3.67282300498085
"651" 58.5274725274725 44.2307692307692 3.67282300498085
"652" 58.6153846153846 44.2307692307692 NA
"653" 58.7032967032967 44.2307692307692 NA
"654" 58.7912087912088 44.2307692307692 NA
"655" 58.8791208791209 44.2307692307692 NA
"656" 58.967032967033 44.2307692307692 NA
"657" 59.054945054945 44.2307692307692 3.1988951096914
"658" 59.1428571428571 44.2307692307692 11.8850222743702
"659" 59.2307692307692 44.2307692307692 3.4276778654645
"660" 59.3186813186813 44.2307692307692 11.8850222743702
"661" 59.4065934065934 44.2307692307692 11.8850222743702
"662" 59.4945054945055 44.2307692307692 9.66050878989813
"663" 59.5824175824176 44.2307692307692 9.3325430079699
"664" 59.6703296703297 44.2307692307692 9.3325430079699
"665" 59.7582417582418 44.2307692307692 9.01571137605957
"666" 59.8461538461538 44.2307692307692 12.7350308101666
"667" 59.9340659340659 44.2307692307692 8.7096358995608
"668" 60.021978021978 44.2307692307692 8.12830516164099
"669" 60.1098901098901 44.2307692307692 8.12830516164099
"670" 60.1978021978022 44.2307692307692 8.12830516164099
"671" 60.2857142857143 44.2307692307692 8.12830516164099
"672" 60.3736263736264 44.2307692307692 NA
"673" 60.4615384615385 44.2307692307692 NA
"674" 60.5494505494505 44.2307692307692 NA
"675" 60.6373626373626 44.2307692307692 NA
"676" 60.7252747252747 44.2307692307692 NA
"677" 60.8131868131868 44.2307692307692 NA
"678" 60.9010989010989 44.2307692307692 NA
"679" 60.989010989011 44.2307692307692 NA
"680" 61.0769230769231 44.2307692307692 NA
"681" 61.1648351648352 44.2307692307692 NA
"682" 61.2527472527473 44.2307692307692 NA
"683" 61.3406593406593 44.2307692307692 NA
"684" 61.4285714285714 44.2307692307692 NA
"685" 61.5164835164835 44.2307692307692 NA
"686" 61.6043956043956 44.2307692307692 NA
"687" 61.6923076923077 44.2307692307692 NA
"688" 61.7802197802198 44.2307692307692 NA
"689" 61.8681318681319 44.2307692307692 NA
"690" 61.956043956044 44.2307692307692 NA
"691" 58 44.3186813186813 NA
"692" 58.0879120879121 44.3186813186813 NA
"693" 58.1758241758242 44.3186813186813 NA
"694" 58.2637362637363 44.3186813186813 5.55904257270403
"695" 58.3516483516484 44.3186813186813 5.55904257270403
"696" 58.4395604395604 44.3186813186813 3.67282300498085
"697" 58.5274725274725 44.3186813186813 3.67282300498085
"698" 58.6153846153846 44.3186813186813 4.51855944374922
"699" 58.7032967032967 44.3186813186813 4.51855944374922
"700" 58.7912087912088 44.3186813186813 4.51855944374922
"701" 58.8791208791209 44.3186813186813 NA
"702" 58.967032967033 44.3186813186813 13.1825673855641
"703" 59.054945054945 44.3186813186813 11.8850222743702
"704" 59.1428571428571 44.3186813186813 11.8850222743702
"705" 59.2307692307692 44.3186813186813 3.09029543251359
"706" 59.3186813186813 44.3186813186813 11.8850222743702
"707" 59.4065934065934 44.3186813186813 11.8850222743702
"708" 59.4945054945055 44.3186813186813 11.091748152624
"709" 59.5824175824176 44.3186813186813 9.3325430079699
"710" 59.6703296703297 44.3186813186813 9.3325430079699
"711" 59.7582417582418 44.3186813186813 9.66050878989813
"712" 59.8461538461538 44.3186813186813 12.7350308101666
"713" 59.9340659340659 44.3186813186813 8.7096358995608
"714" 60.021978021978 44.3186813186813 8.12830516164099
"715" 60.1098901098901 44.3186813186813 8.12830516164099
"716" 60.1978021978022 44.3186813186813 8.12830516164099
"717" 60.2857142857143 44.3186813186813 8.12830516164099
"718" 60.3736263736264 44.3186813186813 8.12830516164099
"719" 60.4615384615385 44.3186813186813 NA
"720" 60.5494505494505 44.3186813186813 NA
"721" 60.6373626373626 44.3186813186813 NA
"722" 60.7252747252747 44.3186813186813 NA
"723" 60.8131868131868 44.3186813186813 NA
"724" 60.9010989010989 44.3186813186813 NA
"725" 60.989010989011 44.3186813186813 NA
"726" 61.0769230769231 44.3186813186813 NA
"727" 61.1648351648352 44.3186813186813 NA
"728" 61.2527472527473 44.3186813186813 NA
"729" 61.3406593406593 44.3186813186813 NA
"730" 61.4285714285714 44.3186813186813 NA
"731" 61.5164835164835 44.3186813186813 NA
"732" 61.6043956043956 44.3186813186813 NA
"733" 61.6923076923077 44.3186813186813 NA
"734" 61.7802197802198 44.3186813186813 NA
"735" 61.8681318681319 44.3186813186813 NA
"736" 61.956043956044 44.3186813186813 NA
"737" 58 44.4065934065934 NA
"738" 58.0879120879121 44.4065934065934 NA
"739" 58.1758241758242 44.4065934065934 3.4276778654645
"740" 58.2637362637363 44.4065934065934 5.55904257270403
"741" 58.3516483516484 44.4065934065934 5.55904257270403
"742" 58.4395604395604 44.4065934065934 3.67282300498085
"743" 58.5274725274725 44.4065934065934 4.51855944374922
"744" 58.6153846153846 44.4065934065934 4.51855944374922
"745" 58.7032967032967 44.4065934065934 4.51855944374922
"746" 58.7912087912088 44.4065934065934 4.51855944374922
"747" 58.8791208791209 44.4065934065934 NA
"748" 58.967032967033 44.4065934065934 13.1825673855641
"749" 59.054945054945 44.4065934065934 11.8850222743702
"750" 59.1428571428571 44.4065934065934 11.8850222743702
"751" 59.2307692307692 44.4065934065934 11.8850222743702
"752" 59.3186813186813 44.4065934065934 11.8850222743702
"753" 59.4065934065934 44.4065934065934 11.8850222743702
"754" 59.4945054945055 44.4065934065934 13.1825673855641
"755" 59.5824175824176 44.4065934065934 15.1356124843621
"756" 59.6703296703297 44.4065934065934 14.6217717445672
"757" 59.7582417582418 44.4065934065934 7.58577575029184
"758" 59.8461538461538 44.4065934065934 7.58577575029184
"759" 59.9340659340659 44.4065934065934 7.85235634610072
"760" 60.021978021978 44.4065934065934 7.85235634610072
"761" 60.1098901098901 44.4065934065934 7.85235634610072
"762" 60.1978021978022 44.4065934065934 8.12830516164099
"763" 60.2857142857143 44.4065934065934 8.12830516164099
"764" 60.3736263736264 44.4065934065934 8.12830516164099
"765" 60.4615384615385 44.4065934065934 NA
"766" 60.5494505494505 44.4065934065934 NA
"767" 60.6373626373626 44.4065934065934 NA
"768" 60.7252747252747 44.4065934065934 NA
"769" 60.8131868131868 44.4065934065934 NA
"770" 60.9010989010989 44.4065934065934 NA
"771" 60.989010989011 44.4065934065934 NA
"772" 61.0769230769231 44.4065934065934 NA
"773" 61.1648351648352 44.4065934065934 NA
"774" 61.2527472527473 44.4065934065934 NA
"775" 61.3406593406593 44.4065934065934 NA
"776" 61.4285714285714 44.4065934065934 NA
"777" 61.5164835164835 44.4065934065934 NA
"778" 61.6043956043956 44.4065934065934 NA
"779" 61.6923076923077 44.4065934065934 NA
"780" 61.7802197802198 44.4065934065934 NA
"781" 61.8681318681319 44.4065934065934 NA
"782" 61.956043956044 44.4065934065934 NA
"783" 58 44.4945054945055 NA
"784" 58.0879120879121 44.4945054945055 NA
"785" 58.1758241758242 44.4945054945055 3.4276778654645
"786" 58.2637362637363 44.4945054945055 3.54813389233575
"787" 58.3516483516484 44.4945054945055 3.80189396320561
"788" 58.4395604395604 44.4945054945055 3.80189396320561
"789" 58.5274725274725 44.4945054945055 4.21696503428582
"790" 58.6153846153846 44.4945054945055 4.07380277804113
"791" 58.7032967032967 44.4945054945055 4.07380277804113
"792" 58.7912087912088 44.4945054945055 NA
"793" 58.8791208791209 44.4945054945055 NA
"794" 58.967032967033 44.4945054945055 11.8850222743702
"795" 59.054945054945 44.4945054945055 11.8850222743702
"796" 59.1428571428571 44.4945054945055 11.8850222743702
"797" 59.2307692307692 44.4945054945055 11.8850222743702
"798" 59.3186813186813 44.4945054945055 10
"799" 59.4065934065934 44.4945054945055 17.9887091512879
"800" 59.4945054945055 44.4945054945055 17.9887091512879
"801" 59.5824175824176 44.4945054945055 17.9887091512879
"802" 59.6703296703297 44.4945054945055 12.3026877081238
"803" 59.7582417582418 44.4945054945055 8.12830516164099
"804" 59.8461538461538 44.4945054945055 7.07945784384138
"805" 59.9340659340659 44.4945054945055 7.07945784384138
"806" 60.021978021978 44.4945054945055 5.75439937337157
"807" 60.1098901098901 44.4945054945055 5.75439937337157
"808" 60.1978021978022 44.4945054945055 8.41395141645195
"809" 60.2857142857143 44.4945054945055 8.41395141645195
"810" 60.3736263736264 44.4945054945055 8.41395141645195
"811" 60.4615384615385 44.4945054945055 6.83911647281429
"812" 60.5494505494505 44.4945054945055 NA
"813" 60.6373626373626 44.4945054945055 NA
"814" 60.7252747252747 44.4945054945055 NA
"815" 60.8131868131868 44.4945054945055 NA
"816" 60.9010989010989 44.4945054945055 NA
"817" 60.989010989011 44.4945054945055 NA
"818" 61.0769230769231 44.4945054945055 NA
"819" 61.1648351648352 44.4945054945055 NA
"820" 61.2527472527473 44.4945054945055 NA
"821" 61.3406593406593 44.4945054945055 NA
"822" 61.4285714285714 44.4945054945055 NA
"823" 61.5164835164835 44.4945054945055 NA
"824" 61.6043956043956 44.4945054945055 NA
"825" 61.6923076923077 44.4945054945055 NA
"826" 61.7802197802198 44.4945054945055 NA
"827" 61.8681318681319 44.4945054945055 NA
"828" 61.956043956044 44.4945054945055 NA
"829" 58 44.5824175824176 NA
"830" 58.0879120879121 44.5824175824176 NA
"831" 58.1758241758242 44.5824175824176 3.09029543251359
"832" 58.2637362637363 44.5824175824176 3.09029543251359
"833" 58.3516483516484 44.5824175824176 3.1988951096914
"834" 58.4395604395604 44.5824175824176 4.07380277804113
"835" 58.5274725274725 44.5824175824176 4.07380277804113
"836" 58.6153846153846 44.5824175824176 4.07380277804113
"837" 58.7032967032967 44.5824175824176 4.07380277804113
"838" 58.7912087912088 44.5824175824176 NA
"839" 58.8791208791209 44.5824175824176 NA
"840" 58.967032967033 44.5824175824176 NA
"841" 59.054945054945 44.5824175824176 14.6217717445672
"842" 59.1428571428571 44.5824175824176 14.6217717445672
"843" 59.2307692307692 44.5824175824176 7.07945784384138
"844" 59.3186813186813 44.5824175824176 7.07945784384138
"845" 59.4065934065934 44.5824175824176 12.3026877081238
"846" 59.4945054945055 44.5824175824176 17.3780082874937
"847" 59.5824175824176 44.5824175824176 14.1253754462275
"848" 59.6703296703297 44.5824175824176 14.1253754462275
"849" 59.7582417582418 44.5824175824176 10.7151930523761
"850" 59.8461538461538 44.5824175824176 9.3325430079699
"851" 59.9340659340659 44.5824175824176 7.32824533138904
"852" 60.021978021978 44.5824175824176 7.32824533138904
"853" 60.1098901098901 44.5824175824176 6.83911647281429
"854" 60.1978021978022 44.5824175824176 8.41395141645195
"855" 60.2857142857143 44.5824175824176 7.58577575029184
"856" 60.3736263736264 44.5824175824176 6.83911647281429
"857" 60.4615384615385 44.5824175824176 6.83911647281429
"858" 60.5494505494505 44.5824175824176 NA
"859" 60.6373626373626 44.5824175824176 NA
"860" 60.7252747252747 44.5824175824176 NA
"861" 60.8131868131868 44.5824175824176 NA
"862" 60.9010989010989 44.5824175824176 NA
"863" 60.989010989011 44.5824175824176 NA
"864" 61.0769230769231 44.5824175824176 NA
"865" 61.1648351648352 44.5824175824176 NA
"866" 61.2527472527473 44.5824175824176 NA
"867" 61.3406593406593 44.5824175824176 NA
"868" 61.4285714285714 44.5824175824176 NA
"869" 61.5164835164835 44.5824175824176 NA
"870" 61.6043956043956 44.5824175824176 NA
"871" 61.6923076923077 44.5824175824176 NA
"872" 61.7802197802198 44.5824175824176 NA
"873" 61.8681318681319 44.5824175824176 NA
"874" 61.956043956044 44.5824175824176 NA
"875" 58 44.6703296703297 NA
"876" 58.0879120879121 44.6703296703297 NA
"877" 58.1758241758242 44.6703296703297 3.09029543251359
"878" 58.2637362637363 44.6703296703297 3.09029543251359
"879" 58.3516483516484 44.6703296703297 3.09029543251359
"880" 58.4395604395604 44.6703296703297 3.4276778654645
"881" 58.5274725274725 44.6703296703297 5.18800038928961
"882" 58.6153846153846 44.6703296703297 5.18800038928961
"883" 58.7032967032967 44.6703296703297 4.36515832240166
"884" 58.7912087912088 44.6703296703297 4.84172367584099
"885" 58.8791208791209 44.6703296703297 4.84172367584099
"886" 58.967032967033 44.6703296703297 NA
"887" 59.054945054945 44.6703296703297 11.8850222743702
"888" 59.1428571428571 44.6703296703297 15.1356124843621
"889" 59.2307692307692 44.6703296703297 14.6217717445672
"890" 59.3186813186813 44.6703296703297 11.8850222743702
"891" 59.4065934065934 44.6703296703297 11.8850222743702
"892" 59.4945054945055 44.6703296703297 19.2752491319094
"893" 59.5824175824176 44.6703296703297 15.6675107010815
"894" 59.6703296703297 44.6703296703297 11.8850222743702
"895" 59.7582417582418 44.6703296703297 11.8850222743702
"896" 59.8461538461538 44.6703296703297 14.1253754462275
"897" 59.9340659340659 44.6703296703297 8.41395141645195
"898" 60.021978021978 44.6703296703297 6.38263486190549
"899" 60.1098901098901 44.6703296703297 6.38263486190549
"900" 60.1978021978022 44.6703296703297 6.60693448007596
"901" 60.2857142857143 44.6703296703297 6.60693448007596
"902" 60.3736263736264 44.6703296703297 6.60693448007596
"903" 60.4615384615385 44.6703296703297 6.83911647281429
"904" 60.5494505494505 44.6703296703297 6.83911647281429
"905" 60.6373626373626 44.6703296703297 6.83911647281429
"906" 60.7252747252747 44.6703296703297 NA
"907" 60.8131868131868 44.6703296703297 NA
"908" 60.9010989010989 44.6703296703297 NA
"909" 60.989010989011 44.6703296703297 NA
"910" 61.0769230769231 44.6703296703297 NA
"911" 61.1648351648352 44.6703296703297 NA
"912" 61.2527472527473 44.6703296703297 NA
"913" 61.3406593406593 44.6703296703297 NA
"914" 61.4285714285714 44.6703296703297 NA
"915" 61.5164835164835 44.6703296703297 NA
"916" 61.6043956043956 44.6703296703297 NA
"917" 61.6923076923077 44.6703296703297 NA
"918" 61.7802197802198 44.6703296703297 NA
"919" 61.8681318681319 44.6703296703297 NA
"920" 61.956043956044 44.6703296703297 NA
"921" 58 44.7582417582418 NA
"922" 58.0879120879121 44.7582417582418 NA
"923" 58.1758241758242 44.7582417582418 NA
"924" 58.2637362637363 44.7582417582418 3.09029543251359
"925" 58.3516483516484 44.7582417582418 2.88403150312661
"926" 58.4395604395604 44.7582417582418 2.88403150312661
"927" 58.5274725274725 44.7582417582418 3.67282300498085
"928" 58.6153846153846 44.7582417582418 4.67735141287198
"929" 58.7032967032967 44.7582417582418 4.36515832240166
"930" 58.7912087912088 44.7582417582418 4.84172367584099
"931" 58.8791208791209 44.7582417582418 4.84172367584099
"932" 58.967032967033 44.7582417582418 NA
"933" 59.054945054945 44.7582417582418 11.8850222743702
"934" 59.1428571428571 44.7582417582418 11.8850222743702
"935" 59.2307692307692 44.7582417582418 9.66050878989813
"936" 59.3186813186813 44.7582417582418 8.12830516164099
"937" 59.4065934065934 44.7582417582418 8.41395141645195
"938" 59.4945054945055 44.7582417582418 8.41395141645195
"939" 59.5824175824176 44.7582417582418 13.6458313658892
"940" 59.6703296703297 44.7582417582418 8.41395141645195
"941" 59.7582417582418 44.7582417582418 7.85235634610072
"942" 59.8461538461538 44.7582417582418 7.85235634610072
"943" 59.9340659340659 44.7582417582418 6.38263486190549
"944" 60.021978021978 44.7582417582418 8.12830516164099
"945" 60.1098901098901 44.7582417582418 6.83911647281429
"946" 60.1978021978022 44.7582417582418 6.83911647281429
"947" 60.2857142857143 44.7582417582418 6.83911647281429
"948" 60.3736263736264 44.7582417582418 6.83911647281429
"949" 60.4615384615385 44.7582417582418 6.83911647281429
"950" 60.5494505494505 44.7582417582418 6.83911647281429
"951" 60.6373626373626 44.7582417582418 6.83911647281429
"952" 60.7252747252747 44.7582417582418 NA
"953" 60.8131868131868 44.7582417582418 NA
"954" 60.9010989010989 44.7582417582418 NA
"955" 60.989010989011 44.7582417582418 NA
"956" 61.0769230769231 44.7582417582418 NA
"957" 61.1648351648352 44.7582417582418 NA
"958" 61.2527472527473 44.7582417582418 NA
"959" 61.3406593406593 44.7582417582418 NA
"960" 61.4285714285714 44.7582417582418 NA
"961" 61.5164835164835 44.7582417582418 NA
"962" 61.6043956043956 44.7582417582418 NA
"963" 61.6923076923077 44.7582417582418 NA
"964" 61.7802197802198 44.7582417582418 NA
"965" 61.8681318681319 44.7582417582418 NA
"966" 61.956043956044 44.7582417582418 NA
"967" 58 44.8461538461538 NA
"968" 58.0879120879121 44.8461538461538 2.98538261891796
"969" 58.1758241758242 44.8461538461538 2.98538261891796
"970" 58.2637362637363 44.8461538461538 3.1988951096914
"971" 58.3516483516484 44.8461538461538 2.60015956316527
"972" 58.4395604395604 44.8461538461538 2.78612116862977
"973" 58.5274725274725 44.8461538461538 2.78612116862977
"974" 58.6153846153846 44.8461538461538 3.54813389233575
"975" 58.7032967032967 44.8461538461538 4.21696503428582
"976" 58.7912087912088 44.8461538461538 4.21696503428582
"977" 58.8791208791209 44.8461538461538 NA
"978" 58.967032967033 44.8461538461538 NA
"979" 59.054945054945 44.8461538461538 NA
"980" 59.1428571428571 44.8461538461538 11.4815362149688
"981" 59.2307692307692 44.8461538461538 10
"982" 59.3186813186813 44.8461538461538 9.3325430079699
"983" 59.4065934065934 44.8461538461538 17.3780082874937
"984" 59.4945054945055 44.8461538461538 15.1356124843621
"985" 59.5824175824176 44.8461538461538 15.1356124843621
"986" 59.6703296703297 44.8461538461538 15.1356124843621
"987" 59.7582417582418 44.8461538461538 13.6458313658892
"988" 59.8461538461538 44.8461538461538 15.6675107010815
"989" 59.9340659340659 44.8461538461538 15.6675107010815
"990" 60.021978021978 44.8461538461538 9.3325430079699
"991" 60.1098901098901 44.8461538461538 7.85235634610072
"992" 60.1978021978022 44.8461538461538 7.32824533138904
"993" 60.2857142857143 44.8461538461538 7.32824533138904
"994" 60.3736263736264 44.8461538461538 7.32824533138904
"995" 60.4615384615385 44.8461538461538 7.32824533138904
"996" 60.5494505494505 44.8461538461538 7.32824533138904
"997" 60.6373626373626 44.8461538461538 NA
"998" 60.7252747252747 44.8461538461538 NA
"999" 60.8131868131868 44.8461538461538 NA
"1000" 60.9010989010989 44.8461538461538 NA
"1001" 60.989010989011 44.8461538461538 NA
"1002" 61.0769230769231 44.8461538461538 NA
"1003" 61.1648351648352 44.8461538461538 NA
"1004" 61.2527472527473 44.8461538461538 NA
"1005" 61.3406593406593 44.8461538461538 NA
"1006" 61.4285714285714 44.8461538461538 NA
"1007" 61.5164835164835 44.8461538461538 NA
"1008" 61.6043956043956 44.8461538461538 NA
"1009" 61.6923076923077 44.8461538461538 NA
"1010" 61.7802197802198 44.8461538461538 NA
"1011" 61.8681318681319 44.8461538461538 NA
"1012" 61.956043956044 44.8461538461538 NA
"1013" 58 44.9340659340659 NA
"1014" 58.0879120879121 44.9340659340659 2.98538261891796
"1015" 58.1758241758242 44.9340659340659 2.98538261891796
"1016" 58.2637362637363 44.9340659340659 2.98538261891796
"1017" 58.3516483516484 44.9340659340659 2.60015956316527
"1018" 58.4395604395604 44.9340659340659 3.31131121482591
"1019" 58.5274725274725 44.9340659340659 4.67735141287198
"1020" 58.6153846153846 44.9340659340659 4.67735141287198
"1021" 58.7032967032967 44.9340659340659 4.67735141287198
"1022" 58.7912087912088 44.9340659340659 4.51855944374922
"1023" 58.8791208791209 44.9340659340659 NA
"1024" 58.967032967033 44.9340659340659 NA
"1025" 59.054945054945 44.9340659340659 NA
"1026" 59.1428571428571 44.9340659340659 11.4815362149688
"1027" 59.2307692307692 44.9340659340659 11.4815362149688
"1028" 59.3186813186813 44.9340659340659 11.4815362149688
"1029" 59.4065934065934 44.9340659340659 9.01571137605957
"1030" 59.4945054945055 44.9340659340659 8.7096358995608
"1031" 59.5824175824176 44.9340659340659 9.01571137605957
"1032" 59.6703296703297 44.9340659340659 9.01571137605957
"1033" 59.7582417582418 44.9340659340659 13.6458313658892
"1034" 59.8461538461538 44.9340659340659 15.1356124843621
"1035" 59.9340659340659 44.9340659340659 9.3325430079699
"1036" 60.021978021978 44.9340659340659 9.3325430079699
"1037" 60.1098901098901 44.9340659340659 7.32824533138904
"1038" 60.1978021978022 44.9340659340659 7.32824533138904
"1039" 60.2857142857143 44.9340659340659 7.32824533138904
"1040" 60.3736263736264 44.9340659340659 7.07945784384138
"1041" 60.4615384615385 44.9340659340659 NA
"1042" 60.5494505494505 44.9340659340659 NA
"1043" 60.6373626373626 44.9340659340659 NA
"1044" 60.7252747252747 44.9340659340659 NA
"1045" 60.8131868131868 44.9340659340659 NA
"1046" 60.9010989010989 44.9340659340659 NA
"1047" 60.989010989011 44.9340659340659 NA
"1048" 61.0769230769231 44.9340659340659 NA
"1049" 61.1648351648352 44.9340659340659 NA
"1050" 61.2527472527473 44.9340659340659 NA
"1051" 61.3406593406593 44.9340659340659 NA
"1052" 61.4285714285714 44.9340659340659 NA
"1053" 61.5164835164835 44.9340659340659 NA
"1054" 61.6043956043956 44.9340659340659 NA
"1055" 61.6923076923077 44.9340659340659 NA
"1056" 61.7802197802198 44.9340659340659 NA
"1057" 61.8681318681319 44.9340659340659 NA
"1058" 61.956043956044 44.9340659340659 NA
"1059" 58 45.021978021978 NA
"1060" 58.0879120879121 45.021978021978 NA
"1061" 58.1758241758242 45.021978021978 1.90546071796325
"1062" 58.2637362637363 45.021978021978 2.69153480392692
"1063" 58.3516483516484 45.021978021978 2.69153480392692
"1064" 58.4395604395604 45.021978021978 2.98538261891796
"1065" 58.5274725274725 45.021978021978 4.67735141287198
"1066" 58.6153846153846 45.021978021978 4.67735141287198
"1067" 58.7032967032967 45.021978021978 4.51855944374922
"1068" 58.7912087912088 45.021978021978 4.51855944374922
"1069" 58.8791208791209 45.021978021978 NA
"1070" 58.967032967033 45.021978021978 NA
"1071" 59.054945054945 45.021978021978 NA
"1072" 59.1428571428571 45.021978021978 NA
"1073" 59.2307692307692 45.021978021978 14.1253754462275
"1074" 59.3186813186813 45.021978021978 6.38263486190549
"1075" 59.4065934065934 45.021978021978 6.38263486190549
"1076" 59.4945054945055 45.021978021978 8.41395141645195
"1077" 59.5824175824176 45.021978021978 9.66050878989813
"1078" 59.6703296703297 45.021978021978 9.01571137605957
"1079" 59.7582417582418 45.021978021978 9.01571137605957
"1080" 59.8461538461538 45.021978021978 7.85235634610072
"1081" 59.9340659340659 45.021978021978 10.3514216667934
"1082" 60.021978021978 45.021978021978 7.07945784384138
"1083" 60.1098901098901 45.021978021978 7.07945784384138
"1084" 60.1978021978022 45.021978021978 7.07945784384138
"1085" 60.2857142857143 45.021978021978 7.07945784384138
"1086" 60.3736263736264 45.021978021978 7.07945784384138
"1087" 60.4615384615385 45.021978021978 NA
"1088" 60.5494505494505 45.021978021978 NA
"1089" 60.6373626373626 45.021978021978 NA
"1090" 60.7252747252747 45.021978021978 NA
"1091" 60.8131868131868 45.021978021978 NA
"1092" 60.9010989010989 45.021978021978 NA
"1093" 60.989010989011 45.021978021978 NA
"1094" 61.0769230769231 45.021978021978 NA
"1095" 61.1648351648352 45.021978021978 NA
"1096" 61.2527472527473 45.021978021978 NA
"1097" 61.3406593406593 45.021978021978 NA
"1098" 61.4285714285714 45.021978021978 NA
"1099" 61.5164835164835 45.021978021978 NA
"1100" 61.6043956043956 45.021978021978 NA
"1101" 61.6923076923077 45.021978021978 NA
"1102" 61.7802197802198 45.021978021978 NA
"1103" 61.8681318681319 45.021978021978 NA
"1104" 61.956043956044 45.021978021978 NA
"1105" 58 45.1098901098901 NA
"1106" 58.0879120879121 45.1098901098901 NA
"1107" 58.1758241758242 45.1098901098901 NA
"1108" 58.2637362637363 45.1098901098901 4.07380277804113
"1109" 58.3516483516484 45.1098901098901 2.98538261891796
"1110" 58.4395604395604 45.1098901098901 2.98538261891796
"1111" 58.5274725274725 45.1098901098901 3.09029543251359
"1112" 58.6153846153846 45.1098901098901 3.1988951096914
"1113" 58.7032967032967 45.1098901098901 3.1988951096914
"1114" 58.7912087912088 45.1098901098901 3.67282300498085
"1115" 58.8791208791209 45.1098901098901 NA
"1116" 58.967032967033 45.1098901098901 NA
"1117" 59.054945054945 45.1098901098901 NA
"1118" 59.1428571428571 45.1098901098901 NA
"1119" 59.2307692307692 45.1098901098901 NA
"1120" 59.3186813186813 45.1098901098901 4.84172367584099
"1121" 59.4065934065934 45.1098901098901 6.83911647281429
"1122" 59.4945054945055 45.1098901098901 6.83911647281429
"1123" 59.5824175824176 45.1098901098901 8.7096358995608
"1124" 59.6703296703297 45.1098901098901 8.7096358995608
"1125" 59.7582417582418 45.1098901098901 8.12830516164099
"1126" 59.8461538461538 45.1098901098901 8.12830516164099
"1127" 59.9340659340659 45.1098901098901 7.32824533138904
"1128" 60.021978021978 45.1098901098901 7.07945784384138
"1129" 60.1098901098901 45.1098901098901 7.07945784384138
"1130" 60.1978021978022 45.1098901098901 7.07945784384138
"1131" 60.2857142857143 45.1098901098901 6.38263486190549
"1132" 60.3736263736264 45.1098901098901 6.38263486190549
"1133" 60.4615384615385 45.1098901098901 NA
"1134" 60.5494505494505 45.1098901098901 NA
"1135" 60.6373626373626 45.1098901098901 NA
"1136" 60.7252747252747 45.1098901098901 NA
"1137" 60.8131868131868 45.1098901098901 NA
"1138" 60.9010989010989 45.1098901098901 NA
"1139" 60.989010989011 45.1098901098901 NA
"1140" 61.0769230769231 45.1098901098901 NA
"1141" 61.1648351648352 45.1098901098901 NA
"1142" 61.2527472527473 45.1098901098901 NA
"1143" 61.3406593406593 45.1098901098901 NA
"1144" 61.4285714285714 45.1098901098901 NA
"1145" 61.5164835164835 45.1098901098901 NA
"1146" 61.6043956043956 45.1098901098901 NA
"1147" 61.6923076923077 45.1098901098901 NA
"1148" 61.7802197802198 45.1098901098901 NA
"1149" 61.8681318681319 45.1098901098901 NA
"1150" 61.956043956044 45.1098901098901 NA
"1151" 58 45.1978021978022 NA
"1152" 58.0879120879121 45.1978021978022 NA
"1153" 58.1758241758242 45.1978021978022 NA
"1154" 58.2637362637363 45.1978021978022 2.04173794466953
"1155" 58.3516483516484 45.1978021978022 3.1988951096914
"1156" 58.4395604395604 45.1978021978022 3.09029543251359
"1157" 58.5274725274725 45.1978021978022 3.09029543251359
"1158" 58.6153846153846 45.1978021978022 3.31131121482591
"1159" 58.7032967032967 45.1978021978022 3.67282300498085
"1160" 58.7912087912088 45.1978021978022 3.67282300498085
"1161" 58.8791208791209 45.1978021978022 NA
"1162" 58.967032967033 45.1978021978022 NA
"1163" 59.054945054945 45.1978021978022 NA
"1164" 59.1428571428571 45.1978021978022 NA
"1165" 59.2307692307692 45.1978021978022 NA
"1166" 59.3186813186813 45.1978021978022 NA
"1167" 59.4065934065934 45.1978021978022 4.36515832240166
"1168" 59.4945054945055 45.1978021978022 9.01571137605957
"1169" 59.5824175824176 45.1978021978022 9.01571137605957
"1170" 59.6703296703297 45.1978021978022 8.41395141645195
"1171" 59.7582417582418 45.1978021978022 7.85235634610072
"1172" 59.8461538461538 45.1978021978022 6.60693448007596
"1173" 59.9340659340659 45.1978021978022 6.60693448007596
"1174" 60.021978021978 45.1978021978022 4.84172367584099
"1175" 60.1098901098901 45.1978021978022 4.84172367584099
"1176" 60.1978021978022 45.1978021978022 8.12830516164099
"1177" 60.2857142857143 45.1978021978022 8.12830516164099
"1178" 60.3736263736264 45.1978021978022 8.12830516164099
"1179" 60.4615384615385 45.1978021978022 4.84172367584099
"1180" 60.5494505494505 45.1978021978022 NA
"1181" 60.6373626373626 45.1978021978022 NA
"1182" 60.7252747252747 45.1978021978022 NA
"1183" 60.8131868131868 45.1978021978022 NA
"1184" 60.9010989010989 45.1978021978022 NA
"1185" 60.989010989011 45.1978021978022 NA
"1186" 61.0769230769231 45.1978021978022 NA
"1187" 61.1648351648352 45.1978021978022 NA
"1188" 61.2527472527473 45.1978021978022 NA
"1189" 61.3406593406593 45.1978021978022 NA
"1190" 61.4285714285714 45.1978021978022 NA
"1191" 61.5164835164835 45.1978021978022 NA
"1192" 61.6043956043956 45.1978021978022 NA
"1193" 61.6923076923077 45.1978021978022 NA
"1194" 61.7802197802198 45.1978021978022 NA
"1195" 61.8681318681319 45.1978021978022 NA
"1196" 61.956043956044 45.1978021978022 NA
"1197" 58 45.2857142857143 NA
"1198" 58.0879120879121 45.2857142857143 NA
"1199" 58.1758241758242 45.2857142857143 NA
"1200" 58.2637362637363 45.2857142857143 2.04173794466953
"1201" 58.3516483516484 45.2857142857143 2.04173794466953
"1202" 58.4395604395604 45.2857142857143 2.98538261891796
"1203" 58.5274725274725 45.2857142857143 2.78612116862977
"1204" 58.6153846153846 45.2857142857143 2.78612116862977
"1205" 58.7032967032967 45.2857142857143 4.07380277804113
"1206" 58.7912087912088 45.2857142857143 4.07380277804113
"1207" 58.8791208791209 45.2857142857143 NA
"1208" 58.967032967033 45.2857142857143 NA
"1209" 59.054945054945 45.2857142857143 NA
"1210" 59.1428571428571 45.2857142857143 NA
"1211" 59.2307692307692 45.2857142857143 NA
"1212" 59.3186813186813 45.2857142857143 5.55904257270403
"1213" 59.4065934065934 45.2857142857143 5.9566214352901
"1214" 59.4945054945055 45.2857142857143 8.41395141645195
"1215" 59.5824175824176 45.2857142857143 9.01571137605957
"1216" 59.6703296703297 45.2857142857143 9.01571137605957
"1217" 59.7582417582418 45.2857142857143 8.41395141645195
"1218" 59.8461538461538 45.2857142857143 8.12830516164099
"1219" 59.9340659340659 45.2857142857143 5.9566214352901
"1220" 60.021978021978 45.2857142857143 5.9566214352901
"1221" 60.1098901098901 45.2857142857143 4.84172367584099
"1222" 60.1978021978022 45.2857142857143 4.84172367584099
"1223" 60.2857142857143 45.2857142857143 4.84172367584099
"1224" 60.3736263736264 45.2857142857143 4.84172367584099
"1225" 60.4615384615385 45.2857142857143 4.84172367584099
"1226" 60.5494505494505 45.2857142857143 NA
"1227" 60.6373626373626 45.2857142857143 NA
"1228" 60.7252747252747 45.2857142857143 NA
"1229" 60.8131868131868 45.2857142857143 NA
"1230" 60.9010989010989 45.2857142857143 NA
"1231" 60.989010989011 45.2857142857143 NA
"1232" 61.0769230769231 45.2857142857143 NA
"1233" 61.1648351648352 45.2857142857143 NA
"1234" 61.2527472527473 45.2857142857143 NA
"1235" 61.3406593406593 45.2857142857143 NA
"1236" 61.4285714285714 45.2857142857143 NA
"1237" 61.5164835164835 45.2857142857143 NA
"1238" 61.6043956043956 45.2857142857143 NA
"1239" 61.6923076923077 45.2857142857143 NA
"1240" 61.7802197802198 45.2857142857143 NA
"1241" 61.8681318681319 45.2857142857143 NA
"1242" 61.956043956044 45.2857142857143 NA
"1243" 58 45.3736263736264 NA
"1244" 58.0879120879121 45.3736263736264 NA
"1245" 58.1758241758242 45.3736263736264 NA
"1246" 58.2637362637363 45.3736263736264 NA
"1247" 58.3516483516484 45.3736263736264 3.67282300498085
"1248" 58.4395604395604 45.3736263736264 3.67282300498085
"1249" 58.5274725274725 45.3736263736264 3.54813389233575
"1250" 58.6153846153846 45.3736263736264 3.54813389233575
"1251" 58.7032967032967 45.3736263736264 3.93550075455777
"1252" 58.7912087912088 45.3736263736264 NA
"1253" 58.8791208791209 45.3736263736264 NA
"1254" 58.967032967033 45.3736263736264 NA
"1255" 59.054945054945 45.3736263736264 NA
"1256" 59.1428571428571 45.3736263736264 NA
"1257" 59.2307692307692 45.3736263736264 NA
"1258" 59.3186813186813 45.3736263736264 5.55904257270403
"1259" 59.4065934065934 45.3736263736264 6.83911647281429
"1260" 59.4945054945055 45.3736263736264 6.16595001861482
"1261" 59.5824175824176 45.3736263736264 9.01571137605957
"1262" 59.6703296703297 45.3736263736264 9.01571137605957
"1263" 59.7582417582418 45.3736263736264 9.01571137605957
"1264" 59.8461538461538 45.3736263736264 8.41395141645195
"1265" 59.9340659340659 45.3736263736264 7.58577575029184
"1266" 60.021978021978 45.3736263736264 5.01187233627272
"1267" 60.1098901098901 45.3736263736264 5.01187233627272
"1268" 60.1978021978022 45.3736263736264 5.01187233627272
"1269" 60.2857142857143 45.3736263736264 5.01187233627272
"1270" 60.3736263736264 45.3736263736264 5.01187233627272
"1271" 60.4615384615385 45.3736263736264 NA
"1272" 60.5494505494505 45.3736263736264 NA
"1273" 60.6373626373626 45.3736263736264 NA
"1274" 60.7252747252747 45.3736263736264 NA
"1275" 60.8131868131868 45.3736263736264 NA
"1276" 60.9010989010989 45.3736263736264 NA
"1277" 60.989010989011 45.3736263736264 NA
"1278" 61.0769230769231 45.3736263736264 NA
"1279" 61.1648351648352 45.3736263736264 NA
"1280" 61.2527472527473 45.3736263736264 NA
"1281" 61.3406593406593 45.3736263736264 NA
"1282" 61.4285714285714 45.3736263736264 NA
"1283" 61.5164835164835 45.3736263736264 NA
"1284" 61.6043956043956 45.3736263736264 NA
"1285" 61.6923076923077 45.3736263736264 NA
"1286" 61.7802197802198 45.3736263736264 NA
"1287" 61.8681318681319 45.3736263736264 NA
"1288" 61.956043956044 45.3736263736264 NA
"1289" 58 45.4615384615385 NA
"1290" 58.0879120879121 45.4615384615385 NA
"1291" 58.1758241758242 45.4615384615385 NA
"1292" 58.2637362637363 45.4615384615385 NA
"1293" 58.3516483516484 45.4615384615385 3.67282300498085
"1294" 58.4395604395604 45.4615384615385 3.80189396320561
"1295" 58.5274725274725 45.4615384615385 3.80189396320561
"1296" 58.6153846153846 45.4615384615385 3.93550075455777
"1297" 58.7032967032967 45.4615384615385 3.93550075455777
"1298" 58.7912087912088 45.4615384615385 3.80189396320561
"1299" 58.8791208791209 45.4615384615385 NA
"1300" 58.967032967033 45.4615384615385 NA
"1301" 59.054945054945 45.4615384615385 NA
"1302" 59.1428571428571 45.4615384615385 NA
"1303" 59.2307692307692 45.4615384615385 NA
"1304" 59.3186813186813 45.4615384615385 5.55904257270403
"1305" 59.4065934065934 45.4615384615385 7.85235634610072
"1306" 59.4945054945055 45.4615384615385 7.85235634610072
"1307" 59.5824175824176 45.4615384615385 9.3325430079699
"1308" 59.6703296703297 45.4615384615385 9.01571137605957
"1309" 59.7582417582418 45.4615384615385 8.7096358995608
"1310" 59.8461538461538 45.4615384615385 8.7096358995608
"1311" 59.9340659340659 45.4615384615385 9.3325430079699
"1312" 60.021978021978 45.4615384615385 6.83911647281429
"1313" 60.1098901098901 45.4615384615385 5.9566214352901
"1314" 60.1978021978022 45.4615384615385 5.01187233627272
"1315" 60.2857142857143 45.4615384615385 5.01187233627272
"1316" 60.3736263736264 45.4615384615385 5.01187233627272
"1317" 60.4615384615385 45.4615384615385 NA
"1318" 60.5494505494505 45.4615384615385 NA
"1319" 60.6373626373626 45.4615384615385 NA
"1320" 60.7252747252747 45.4615384615385 NA
"1321" 60.8131868131868 45.4615384615385 NA
"1322" 60.9010989010989 45.4615384615385 NA
"1323" 60.989010989011 45.4615384615385 NA
"1324" 61.0769230769231 45.4615384615385 NA
"1325" 61.1648351648352 45.4615384615385 NA
"1326" 61.2527472527473 45.4615384615385 NA
"1327" 61.3406593406593 45.4615384615385 NA
"1328" 61.4285714285714 45.4615384615385 NA
"1329" 61.5164835164835 45.4615384615385 NA
"1330" 61.6043956043956 45.4615384615385 NA
"1331" 61.6923076923077 45.4615384615385 NA
"1332" 61.7802197802198 45.4615384615385 NA
"1333" 61.8681318681319 45.4615384615385 NA
"1334" 61.956043956044 45.4615384615385 NA
"1335" 58 45.5494505494505 NA
"1336" 58.0879120879121 45.5494505494505 NA
"1337" 58.1758241758242 45.5494505494505 NA
"1338" 58.2637362637363 45.5494505494505 NA
"1339" 58.3516483516484 45.5494505494505 NA
"1340" 58.4395604395604 45.5494505494505 NA
"1341" 58.5274725274725 45.5494505494505 3.93550075455777
"1342" 58.6153846153846 45.5494505494505 3.93550075455777
"1343" 58.7032967032967 45.5494505494505 3.80189396320561
"1344" 58.7912087912088 45.5494505494505 3.80189396320561
"1345" 58.8791208791209 45.5494505494505 4.21696503428582
"1346" 58.967032967033 45.5494505494505 NA
"1347" 59.054945054945 45.5494505494505 NA
"1348" 59.1428571428571 45.5494505494505 NA
"1349" 59.2307692307692 45.5494505494505 NA
"1350" 59.3186813186813 45.5494505494505 5.75439937337157
"1351" 59.4065934065934 45.5494505494505 9.66050878989813
"1352" 59.4945054945055 45.5494505494505 10
"1353" 59.5824175824176 45.5494505494505 10
"1354" 59.6703296703297 45.5494505494505 9.3325430079699
"1355" 59.7582417582418 45.5494505494505 9.01571137605957
"1356" 59.8461538461538 45.5494505494505 9.01571137605957
"1357" 59.9340659340659 45.5494505494505 9.01571137605957
"1358" 60.021978021978 45.5494505494505 9.01571137605957
"1359" 60.1098901098901 45.5494505494505 5.9566214352901
"1360" 60.1978021978022 45.5494505494505 5.01187233627272
"1361" 60.2857142857143 45.5494505494505 5.01187233627272
"1362" 60.3736263736264 45.5494505494505 5.01187233627272
"1363" 60.4615384615385 45.5494505494505 4.67735141287198
"1364" 60.5494505494505 45.5494505494505 NA
"1365" 60.6373626373626 45.5494505494505 NA
"1366" 60.7252747252747 45.5494505494505 NA
"1367" 60.8131868131868 45.5494505494505 NA
"1368" 60.9010989010989 45.5494505494505 NA
"1369" 60.989010989011 45.5494505494505 NA
"1370" 61.0769230769231 45.5494505494505 NA
"1371" 61.1648351648352 45.5494505494505 NA
"1372" 61.2527472527473 45.5494505494505 NA
"1373" 61.3406593406593 45.5494505494505 NA
"1374" 61.4285714285714 45.5494505494505 NA
"1375" 61.5164835164835 45.5494505494505 NA
"1376" 61.6043956043956 45.5494505494505 NA
"1377" 61.6923076923077 45.5494505494505 NA
"1378" 61.7802197802198 45.5494505494505 NA
"1379" 61.8681318681319 45.5494505494505 NA
"1380" 61.956043956044 45.5494505494505 NA
"1381" 58 45.6373626373626 NA
"1382" 58.0879120879121 45.6373626373626 NA
"1383" 58.1758241758242 45.6373626373626 NA
"1384" 58.2637362637363 45.6373626373626 NA
"1385" 58.3516483516484 45.6373626373626 NA
"1386" 58.4395604395604 45.6373626373626 NA
"1387" 58.5274725274725 45.6373626373626 3.80189396320561
"1388" 58.6153846153846 45.6373626373626 3.80189396320561
"1389" 58.7032967032967 45.6373626373626 3.80189396320561
"1390" 58.7912087912088 45.6373626373626 4.21696503428582
"1391" 58.8791208791209 45.6373626373626 4.21696503428582
"1392" 58.967032967033 45.6373626373626 5.18800038928961
"1393" 59.054945054945 45.6373626373626 5.18800038928961
"1394" 59.1428571428571 45.6373626373626 NA
"1395" 59.2307692307692 45.6373626373626 8.41395141645195
"1396" 59.3186813186813 45.6373626373626 6.83911647281429
"1397" 59.4065934065934 45.6373626373626 7.32824533138904
"1398" 59.4945054945055 45.6373626373626 7.58577575029184
"1399" 59.5824175824176 45.6373626373626 8.41395141645195
"1400" 59.6703296703297 45.6373626373626 8.41395141645195
"1401" 59.7582417582418 45.6373626373626 4.21696503428582
"1402" 59.8461538461538 45.6373626373626 13.1825673855641
"1403" 59.9340659340659 45.6373626373626 10.7151930523761
"1404" 60.021978021978 45.6373626373626 10.7151930523761
"1405" 60.1098901098901 45.6373626373626 4.36515832240166
"1406" 60.1978021978022 45.6373626373626 4.51855944374922
"1407" 60.2857142857143 45.6373626373626 4.67735141287198
"1408" 60.3736263736264 45.6373626373626 4.67735141287198
"1409" 60.4615384615385 45.6373626373626 4.67735141287198
"1410" 60.5494505494505 45.6373626373626 NA
"1411" 60.6373626373626 45.6373626373626 NA
"1412" 60.7252747252747 45.6373626373626 NA
"1413" 60.8131868131868 45.6373626373626 NA
"1414" 60.9010989010989 45.6373626373626 NA
"1415" 60.989010989011 45.6373626373626 NA
"1416" 61.0769230769231 45.6373626373626 NA
"1417" 61.1648351648352 45.6373626373626 NA
"1418" 61.2527472527473 45.6373626373626 NA
"1419" 61.3406593406593 45.6373626373626 NA
"1420" 61.4285714285714 45.6373626373626 NA
"1421" 61.5164835164835 45.6373626373626 NA
"1422" 61.6043956043956 45.6373626373626 NA
"1423" 61.6923076923077 45.6373626373626 NA
"1424" 61.7802197802198 45.6373626373626 NA
"1425" 61.8681318681319 45.6373626373626 NA
"1426" 61.956043956044 45.6373626373626 NA
"1427" 58 45.7252747252747 NA
"1428" 58.0879120879121 45.7252747252747 NA
"1429" 58.1758241758242 45.7252747252747 NA
"1430" 58.2637362637363 45.7252747252747 NA
"1431" 58.3516483516484 45.7252747252747 NA
"1432" 58.4395604395604 45.7252747252747 NA
"1433" 58.5274725274725 45.7252747252747 3.93550075455777
"1434" 58.6153846153846 45.7252747252747 3.93550075455777
"1435" 58.7032967032967 45.7252747252747 4.21696503428582
"1436" 58.7912087912088 45.7252747252747 4.21696503428582
"1437" 58.8791208791209 45.7252747252747 4.67735141287198
"1438" 58.967032967033 45.7252747252747 5.18800038928961
"1439" 59.054945054945 45.7252747252747 5.18800038928961
"1440" 59.1428571428571 45.7252747252747 9.3325430079699
"1441" 59.2307692307692 45.7252747252747 8.41395141645195
"1442" 59.3186813186813 45.7252747252747 6.83911647281429
"1443" 59.4065934065934 45.7252747252747 6.83911647281429
"1444" 59.4945054945055 45.7252747252747 7.32824533138904
"1445" 59.5824175824176 45.7252747252747 8.41395141645195
"1446" 59.6703296703297 45.7252747252747 8.41395141645195
"1447" 59.7582417582418 45.7252747252747 5.37031796370253
"1448" 59.8461538461538 45.7252747252747 5.37031796370253
"1449" 59.9340659340659 45.7252747252747 10.7151930523761
"1450" 60.021978021978 45.7252747252747 10.7151930523761
"1451" 60.1098901098901 45.7252747252747 5.01187233627272
"1452" 60.1978021978022 45.7252747252747 5.75439937337157
"1453" 60.2857142857143 45.7252747252747 5.75439937337157
"1454" 60.3736263736264 45.7252747252747 NA
"1455" 60.4615384615385 45.7252747252747 NA
"1456" 60.5494505494505 45.7252747252747 NA
"1457" 60.6373626373626 45.7252747252747 NA
"1458" 60.7252747252747 45.7252747252747 NA
"1459" 60.8131868131868 45.7252747252747 NA
"1460" 60.9010989010989 45.7252747252747 NA
"1461" 60.989010989011 45.7252747252747 NA
"1462" 61.0769230769231 45.7252747252747 NA
"1463" 61.1648351648352 45.7252747252747 NA
"1464" 61.2527472527473 45.7252747252747 NA
"1465" 61.3406593406593 45.7252747252747 NA
"1466" 61.4285714285714 45.7252747252747 NA
"1467" 61.5164835164835 45.7252747252747 NA
"1468" 61.6043956043956 45.7252747252747 NA
"1469" 61.6923076923077 45.7252747252747 NA
"1470" 61.7802197802198 45.7252747252747 NA
"1471" 61.8681318681319 45.7252747252747 NA
"1472" 61.956043956044 45.7252747252747 NA
"1473" 58 45.8131868131868 NA
"1474" 58.0879120879121 45.8131868131868 NA
"1475" 58.1758241758242 45.8131868131868 NA
"1476" 58.2637362637363 45.8131868131868 NA
"1477" 58.3516483516484 45.8131868131868 NA
"1478" 58.4395604395604 45.8131868131868 NA
"1479" 58.5274725274725 45.8131868131868 NA
"1480" 58.6153846153846 45.8131868131868 4.51855944374922
"1481" 58.7032967032967 45.8131868131868 3.67282300498085
"1482" 58.7912087912088 45.8131868131868 4.07380277804113
"1483" 58.8791208791209 45.8131868131868 4.07380277804113
"1484" 58.967032967033 45.8131868131868 5.9566214352901
"1485" 59.054945054945 45.8131868131868 8.12830516164099
"1486" 59.1428571428571 45.8131868131868 9.3325430079699
"1487" 59.2307692307692 45.8131868131868 9.3325430079699
"1488" 59.3186813186813 45.8131868131868 7.07945784384138
"1489" 59.4065934065934 45.8131868131868 7.32824533138904
"1490" 59.4945054945055 45.8131868131868 7.32824533138904
"1491" 59.5824175824176 45.8131868131868 9.66050878989813
"1492" 59.6703296703297 45.8131868131868 5.55904257270403
"1493" 59.7582417582418 45.8131868131868 5.37031796370253
"1494" 59.8461538461538 45.8131868131868 5.37031796370253
"1495" 59.9340659340659 45.8131868131868 5.37031796370253
"1496" 60.021978021978 45.8131868131868 5.01187233627272
"1497" 60.1098901098901 45.8131868131868 5.01187233627272
"1498" 60.1978021978022 45.8131868131868 5.01187233627272
"1499" 60.2857142857143 45.8131868131868 NA
"1500" 60.3736263736264 45.8131868131868 NA
"1501" 60.4615384615385 45.8131868131868 NA
"1502" 60.5494505494505 45.8131868131868 NA
"1503" 60.6373626373626 45.8131868131868 NA
"1504" 60.7252747252747 45.8131868131868 NA
"1505" 60.8131868131868 45.8131868131868 NA
"1506" 60.9010989010989 45.8131868131868 NA
"1507" 60.989010989011 45.8131868131868 NA
"1508" 61.0769230769231 45.8131868131868 NA
"1509" 61.1648351648352 45.8131868131868 NA
"1510" 61.2527472527473 45.8131868131868 NA
"1511" 61.3406593406593 45.8131868131868 NA
"1512" 61.4285714285714 45.8131868131868 NA
"1513" 61.5164835164835 45.8131868131868 NA
"1514" 61.6043956043956 45.8131868131868 NA
"1515" 61.6923076923077 45.8131868131868 NA
"1516" 61.7802197802198 45.8131868131868 NA
"1517" 61.8681318681319 45.8131868131868 NA
"1518" 61.956043956044 45.8131868131868 NA
"1519" 58 45.9010989010989 NA
"1520" 58.0879120879121 45.9010989010989 NA
"1521" 58.1758241758242 45.9010989010989 NA
"1522" 58.2637362637363 45.9010989010989 NA
"1523" 58.3516483516484 45.9010989010989 NA
"1524" 58.4395604395604 45.9010989010989 NA
"1525" 58.5274725274725 45.9010989010989 NA
"1526" 58.6153846153846 45.9010989010989 NA
"1527" 58.7032967032967 45.9010989010989 5.01187233627272
"1528" 58.7912087912088 45.9010989010989 5.18800038928961
"1529" 58.8791208791209 45.9010989010989 4.51855944374922
"1530" 58.967032967033 45.9010989010989 4.84172367584099
"1531" 59.054945054945 45.9010989010989 5.37031796370253
"1532" 59.1428571428571 45.9010989010989 6.83911647281429
"1533" 59.2307692307692 45.9010989010989 7.85235634610072
"1534" 59.3186813186813 45.9010989010989 7.85235634610072
"1535" 59.4065934065934 45.9010989010989 NA
"1536" 59.4945054945055 45.9010989010989 4.07380277804113
"1537" 59.5824175824176 45.9010989010989 4.84172367584099
"1538" 59.6703296703297 45.9010989010989 5.75439937337157
"1539" 59.7582417582418 45.9010989010989 5.37031796370253
"1540" 59.8461538461538 45.9010989010989 5.37031796370253
"1541" 59.9340659340659 45.9010989010989 5.01187233627272
"1542" 60.021978021978 45.9010989010989 5.01187233627272
"1543" 60.1098901098901 45.9010989010989 5.01187233627272
"1544" 60.1978021978022 45.9010989010989 5.01187233627272
"1545" 60.2857142857143 45.9010989010989 NA
"1546" 60.3736263736264 45.9010989010989 7.07945784384138
"1547" 60.4615384615385 45.9010989010989 7.07945784384138
"1548" 60.5494505494505 45.9010989010989 7.07945784384138
"1549" 60.6373626373626 45.9010989010989 NA
"1550" 60.7252747252747 45.9010989010989 NA
"1551" 60.8131868131868 45.9010989010989 NA
"1552" 60.9010989010989 45.9010989010989 NA
"1553" 60.989010989011 45.9010989010989 NA
"1554" 61.0769230769231 45.9010989010989 NA
"1555" 61.1648351648352 45.9010989010989 NA
"1556" 61.2527472527473 45.9010989010989 NA
"1557" 61.3406593406593 45.9010989010989 NA
"1558" 61.4285714285714 45.9010989010989 NA
"1559" 61.5164835164835 45.9010989010989 NA
"1560" 61.6043956043956 45.9010989010989 NA
"1561" 61.6923076923077 45.9010989010989 NA
"1562" 61.7802197802198 45.9010989010989 NA
"1563" 61.8681318681319 45.9010989010989 NA
"1564" 61.956043956044 45.9010989010989 NA
"1565" 58 45.989010989011 NA
"1566" 58.0879120879121 45.989010989011 NA
"1567" 58.1758241758242 45.989010989011 NA
"1568" 58.2637362637363 45.989010989011 NA
"1569" 58.3516483516484 45.989010989011 NA
"1570" 58.4395604395604 45.989010989011 NA
"1571" 58.5274725274725 45.989010989011 NA
"1572" 58.6153846153846 45.989010989011 NA
"1573" 58.7032967032967 45.989010989011 NA
"1574" 58.7912087912088 45.989010989011 NA
"1575" 58.8791208791209 45.989010989011 4.51855944374922
"1576" 58.967032967033 45.989010989011 5.55904257270403
"1577" 59.054945054945 45.989010989011 6.38263486190549
"1578" 59.1428571428571 45.989010989011 6.38263486190549
"1579" 59.2307692307692 45.989010989011 6.38263486190549
"1580" 59.3186813186813 45.989010989011 NA
"1581" 59.4065934065934 45.989010989011 NA
"1582" 59.4945054945055 45.989010989011 NA
"1583" 59.5824175824176 45.989010989011 4.84172367584099
"1584" 59.6703296703297 45.989010989011 6.60693448007596
"1585" 59.7582417582418 45.989010989011 6.60693448007596
"1586" 59.8461538461538 45.989010989011 6.60693448007596
"1587" 59.9340659340659 45.989010989011 6.60693448007596
"1588" 60.021978021978 45.989010989011 6.16595001861482
"1589" 60.1098901098901 45.989010989011 5.01187233627272
"1590" 60.1978021978022 45.989010989011 5.01187233627272
"1591" 60.2857142857143 45.989010989011 NA
"1592" 60.3736263736264 45.989010989011 7.07945784384138
"1593" 60.4615384615385 45.989010989011 7.07945784384138
"1594" 60.5494505494505 45.989010989011 7.07945784384138
"1595" 60.6373626373626 45.989010989011 5.9566214352901
"1596" 60.7252747252747 45.989010989011 NA
"1597" 60.8131868131868 45.989010989011 NA
"1598" 60.9010989010989 45.989010989011 NA
"1599" 60.989010989011 45.989010989011 NA
"1600" 61.0769230769231 45.989010989011 NA
"1601" 61.1648351648352 45.989010989011 NA
"1602" 61.2527472527473 45.989010989011 NA
"1603" 61.3406593406593 45.989010989011 NA
"1604" 61.4285714285714 45.989010989011 NA
"1605" 61.5164835164835 45.989010989011 NA
"1606" 61.6043956043956 45.989010989011 NA
"1607" 61.6923076923077 45.989010989011 NA
"1608" 61.7802197802198 45.989010989011 NA
"1609" 61.8681318681319 45.989010989011 NA
"1610" 61.956043956044 45.989010989011 NA
"1611" 58 46.0769230769231 NA
"1612" 58.0879120879121 46.0769230769231 NA
"1613" 58.1758241758242 46.0769230769231 NA
"1614" 58.2637362637363 46.0769230769231 NA
"1615" 58.3516483516484 46.0769230769231 NA
"1616" 58.4395604395604 46.0769230769231 NA
"1617" 58.5274725274725 46.0769230769231 NA
"1618" 58.6153846153846 46.0769230769231 NA
"1619" 58.7032967032967 46.0769230769231 NA
"1620" 58.7912087912088 46.0769230769231 NA
"1621" 58.8791208791209 46.0769230769231 NA
"1622" 58.967032967033 46.0769230769231 NA
"1623" 59.054945054945 46.0769230769231 NA
"1624" 59.1428571428571 46.0769230769231 NA
"1625" 59.2307692307692 46.0769230769231 NA
"1626" 59.3186813186813 46.0769230769231 NA
"1627" 59.4065934065934 46.0769230769231 NA
"1628" 59.4945054945055 46.0769230769231 NA
"1629" 59.5824175824176 46.0769230769231 NA
"1630" 59.6703296703297 46.0769230769231 5.55904257270403
"1631" 59.7582417582418 46.0769230769231 7.07945784384138
"1632" 59.8461538461538 46.0769230769231 7.07945784384138
"1633" 59.9340659340659 46.0769230769231 6.38263486190549
"1634" 60.021978021978 46.0769230769231 5.9566214352901
"1635" 60.1098901098901 46.0769230769231 5.9566214352901
"1636" 60.1978021978022 46.0769230769231 NA
"1637" 60.2857142857143 46.0769230769231 NA
"1638" 60.3736263736264 46.0769230769231 5.55904257270403
"1639" 60.4615384615385 46.0769230769231 5.75439937337157
"1640" 60.5494505494505 46.0769230769231 5.9566214352901
"1641" 60.6373626373626 46.0769230769231 5.9566214352901
"1642" 60.7252747252747 46.0769230769231 NA
"1643" 60.8131868131868 46.0769230769231 4.84172367584099
"1644" 60.9010989010989 46.0769230769231 7.32824533138904
"1645" 60.989010989011 46.0769230769231 7.32824533138904
"1646" 61.0769230769231 46.0769230769231 NA
"1647" 61.1648351648352 46.0769230769231 NA
"1648" 61.2527472527473 46.0769230769231 NA
"1649" 61.3406593406593 46.0769230769231 NA
"1650" 61.4285714285714 46.0769230769231 NA
"1651" 61.5164835164835 46.0769230769231 NA
"1652" 61.6043956043956 46.0769230769231 NA
"1653" 61.6923076923077 46.0769230769231 NA
"1654" 61.7802197802198 46.0769230769231 NA
"1655" 61.8681318681319 46.0769230769231 NA
"1656" 61.956043956044 46.0769230769231 NA
"1657" 58 46.1648351648352 NA
"1658" 58.0879120879121 46.1648351648352 NA
"1659" 58.1758241758242 46.1648351648352 NA
"1660" 58.2637362637363 46.1648351648352 NA
"1661" 58.3516483516484 46.1648351648352 NA
"1662" 58.4395604395604 46.1648351648352 NA
"1663" 58.5274725274725 46.1648351648352 NA
"1664" 58.6153846153846 46.1648351648352 NA
"1665" 58.7032967032967 46.1648351648352 NA
"1666" 58.7912087912088 46.1648351648352 NA
"1667" 58.8791208791209 46.1648351648352 NA
"1668" 58.967032967033 46.1648351648352 NA
"1669" 59.054945054945 46.1648351648352 NA
"1670" 59.1428571428571 46.1648351648352 NA
"1671" 59.2307692307692 46.1648351648352 NA
"1672" 59.3186813186813 46.1648351648352 NA
"1673" 59.4065934065934 46.1648351648352 NA
"1674" 59.4945054945055 46.1648351648352 NA
"1675" 59.5824175824176 46.1648351648352 5.01187233627272
"1676" 59.6703296703297 46.1648351648352 5.9566214352901
"1677" 59.7582417582418 46.1648351648352 7.32824533138904
"1678" 59.8461538461538 46.1648351648352 7.32824533138904
"1679" 59.9340659340659 46.1648351648352 NA
"1680" 60.021978021978 46.1648351648352 8.12830516164099
"1681" 60.1098901098901 46.1648351648352 8.12830516164099
"1682" 60.1978021978022 46.1648351648352 NA
"1683" 60.2857142857143 46.1648351648352 NA
"1684" 60.3736263736264 46.1648351648352 NA
"1685" 60.4615384615385 46.1648351648352 NA
"1686" 60.5494505494505 46.1648351648352 NA
"1687" 60.6373626373626 46.1648351648352 NA
"1688" 60.7252747252747 46.1648351648352 NA
"1689" 60.8131868131868 46.1648351648352 4.84172367584099
"1690" 60.9010989010989 46.1648351648352 7.32824533138904
"1691" 60.989010989011 46.1648351648352 7.32824533138904
"1692" 61.0769230769231 46.1648351648352 7.58577575029184
"1693" 61.1648351648352 46.1648351648352 7.58577575029184
"1694" 61.2527472527473 46.1648351648352 NA
"1695" 61.3406593406593 46.1648351648352 NA
"1696" 61.4285714285714 46.1648351648352 NA
"1697" 61.5164835164835 46.1648351648352 NA
"1698" 61.6043956043956 46.1648351648352 NA
"1699" 61.6923076923077 46.1648351648352 NA
"1700" 61.7802197802198 46.1648351648352 NA
"1701" 61.8681318681319 46.1648351648352 NA
"1702" 61.956043956044 46.1648351648352 NA
"1703" 58 46.2527472527473 NA
"1704" 58.0879120879121 46.2527472527473 NA
"1705" 58.1758241758242 46.2527472527473 NA
"1706" 58.2637362637363 46.2527472527473 NA
"1707" 58.3516483516484 46.2527472527473 NA
"1708" 58.4395604395604 46.2527472527473 NA
"1709" 58.5274725274725 46.2527472527473 NA
"1710" 58.6153846153846 46.2527472527473 NA
"1711" 58.7032967032967 46.2527472527473 NA
"1712" 58.7912087912088 46.2527472527473 NA
"1713" 58.8791208791209 46.2527472527473 NA
"1714" 58.967032967033 46.2527472527473 NA
"1715" 59.054945054945 46.2527472527473 NA
"1716" 59.1428571428571 46.2527472527473 NA
"1717" 59.2307692307692 46.2527472527473 NA
"1718" 59.3186813186813 46.2527472527473 NA
"1719" 59.4065934065934 46.2527472527473 6.38263486190549
"1720" 59.4945054945055 46.2527472527473 6.38263486190549
"1721" 59.5824175824176 46.2527472527473 5.01187233627272
"1722" 59.6703296703297 46.2527472527473 5.01187233627272
"1723" 59.7582417582418 46.2527472527473 9.01571137605957
"1724" 59.8461538461538 46.2527472527473 9.01571137605957
"1725" 59.9340659340659 46.2527472527473 NA
"1726" 60.021978021978 46.2527472527473 NA
"1727" 60.1098901098901 46.2527472527473 NA
"1728" 60.1978021978022 46.2527472527473 NA
"1729" 60.2857142857143 46.2527472527473 NA
"1730" 60.3736263736264 46.2527472527473 NA
"1731" 60.4615384615385 46.2527472527473 NA
"1732" 60.5494505494505 46.2527472527473 NA
"1733" 60.6373626373626 46.2527472527473 4.36515832240166
"1734" 60.7252747252747 46.2527472527473 5.18800038928961
"1735" 60.8131868131868 46.2527472527473 6.60693448007596
"1736" 60.9010989010989 46.2527472527473 7.32824533138904
"1737" 60.989010989011 46.2527472527473 7.32824533138904
"1738" 61.0769230769231 46.2527472527473 7.58577575029184
"1739" 61.1648351648352 46.2527472527473 7.58577575029184
"1740" 61.2527472527473 46.2527472527473 NA
"1741" 61.3406593406593 46.2527472527473 NA
"1742" 61.4285714285714 46.2527472527473 NA
"1743" 61.5164835164835 46.2527472527473 NA
"1744" 61.6043956043956 46.2527472527473 NA
"1745" 61.6923076923077 46.2527472527473 NA
"1746" 61.7802197802198 46.2527472527473 NA
"1747" 61.8681318681319 46.2527472527473 NA
"1748" 61.956043956044 46.2527472527473 NA
"1749" 58 46.3406593406593 NA
"1750" 58.0879120879121 46.3406593406593 NA
"1751" 58.1758241758242 46.3406593406593 NA
"1752" 58.2637362637363 46.3406593406593 NA
"1753" 58.3516483516484 46.3406593406593 NA
"1754" 58.4395604395604 46.3406593406593 NA
"1755" 58.5274725274725 46.3406593406593 NA
"1756" 58.6153846153846 46.3406593406593 NA
"1757" 58.7032967032967 46.3406593406593 NA
"1758" 58.7912087912088 46.3406593406593 NA
"1759" 58.8791208791209 46.3406593406593 NA
"1760" 58.967032967033 46.3406593406593 NA
"1761" 59.054945054945 46.3406593406593 NA
"1762" 59.1428571428571 46.3406593406593 NA
"1763" 59.2307692307692 46.3406593406593 NA
"1764" 59.3186813186813 46.3406593406593 NA
"1765" 59.4065934065934 46.3406593406593 6.38263486190549
"1766" 59.4945054945055 46.3406593406593 6.38263486190549
"1767" 59.5824175824176 46.3406593406593 5.18800038928961
"1768" 59.6703296703297 46.3406593406593 5.18800038928961
"1769" 59.7582417582418 46.3406593406593 NA
"1770" 59.8461538461538 46.3406593406593 NA
"1771" 59.9340659340659 46.3406593406593 NA
"1772" 60.021978021978 46.3406593406593 3.80189396320561
"1773" 60.1098901098901 46.3406593406593 4.51855944374922
"1774" 60.1978021978022 46.3406593406593 5.55904257270403
"1775" 60.2857142857143 46.3406593406593 6.38263486190549
"1776" 60.3736263736264 46.3406593406593 5.75439937337157
"1777" 60.4615384615385 46.3406593406593 5.75439937337157
"1778" 60.5494505494505 46.3406593406593 5.9566214352901
"1779" 60.6373626373626 46.3406593406593 4.36515832240166
"1780" 60.7252747252747 46.3406593406593 5.18800038928961
"1781" 60.8131868131868 46.3406593406593 5.9566214352901
"1782" 60.9010989010989 46.3406593406593 7.07945784384138
"1783" 60.989010989011 46.3406593406593 7.85235634610072
"1784" 61.0769230769231 46.3406593406593 7.85235634610072
"1785" 61.1648351648352 46.3406593406593 7.85235634610072
"1786" 61.2527472527473 46.3406593406593 7.07945784384138
"1787" 61.3406593406593 46.3406593406593 NA
"1788" 61.4285714285714 46.3406593406593 NA
"1789" 61.5164835164835 46.3406593406593 NA
"1790" 61.6043956043956 46.3406593406593 NA
"1791" 61.6923076923077 46.3406593406593 NA
"1792" 61.7802197802198 46.3406593406593 NA
"1793" 61.8681318681319 46.3406593406593 NA
"1794" 61.956043956044 46.3406593406593 NA
"1795" 58 46.4285714285714 NA
"1796" 58.0879120879121 46.4285714285714 NA
"1797" 58.1758241758242 46.4285714285714 NA
"1798" 58.2637362637363 46.4285714285714 NA
"1799" 58.3516483516484 46.4285714285714 NA
"1800" 58.4395604395604 46.4285714285714 NA
"1801" 58.5274725274725 46.4285714285714 NA
"1802" 58.6153846153846 46.4285714285714 NA
"1803" 58.7032967032967 46.4285714285714 NA
"1804" 58.7912087912088 46.4285714285714 NA
"1805" 58.8791208791209 46.4285714285714 NA
"1806" 58.967032967033 46.4285714285714 NA
"1807" 59.054945054945 46.4285714285714 NA
"1808" 59.1428571428571 46.4285714285714 NA
"1809" 59.2307692307692 46.4285714285714 NA
"1810" 59.3186813186813 46.4285714285714 NA
"1811" 59.4065934065934 46.4285714285714 NA
"1812" 59.4945054945055 46.4285714285714 NA
"1813" 59.5824175824176 46.4285714285714 NA
"1814" 59.6703296703297 46.4285714285714 NA
"1815" 59.7582417582418 46.4285714285714 NA
"1816" 59.8461538461538 46.4285714285714 NA
"1817" 59.9340659340659 46.4285714285714 NA
"1818" 60.021978021978 46.4285714285714 3.80189396320561
"1819" 60.1098901098901 46.4285714285714 4.51855944374922
"1820" 60.1978021978022 46.4285714285714 5.55904257270403
"1821" 60.2857142857143 46.4285714285714 6.38263486190549
"1822" 60.3736263736264 46.4285714285714 5.75439937337157
"1823" 60.4615384615385 46.4285714285714 5.75439937337157
"1824" 60.5494505494505 46.4285714285714 5.9566214352901
"1825" 60.6373626373626 46.4285714285714 4.36515832240166
"1826" 60.7252747252747 46.4285714285714 4.67735141287198
"1827" 60.8131868131868 46.4285714285714 4.67735141287198
"1828" 60.9010989010989 46.4285714285714 5.9566214352901
"1829" 60.989010989011 46.4285714285714 6.83911647281429
"1830" 61.0769230769231 46.4285714285714 7.07945784384138
"1831" 61.1648351648352 46.4285714285714 7.07945784384138
"1832" 61.2527472527473 46.4285714285714 7.07945784384138
"1833" 61.3406593406593 46.4285714285714 NA
"1834" 61.4285714285714 46.4285714285714 NA
"1835" 61.5164835164835 46.4285714285714 NA
"1836" 61.6043956043956 46.4285714285714 NA
"1837" 61.6923076923077 46.4285714285714 NA
"1838" 61.7802197802198 46.4285714285714 NA
"1839" 61.8681318681319 46.4285714285714 NA
"1840" 61.956043956044 46.4285714285714 NA
"1841" 58 46.5164835164835 NA
"1842" 58.0879120879121 46.5164835164835 NA
"1843" 58.1758241758242 46.5164835164835 NA
"1844" 58.2637362637363 46.5164835164835 NA
"1845" 58.3516483516484 46.5164835164835 NA
"1846" 58.4395604395604 46.5164835164835 NA
"1847" 58.5274725274725 46.5164835164835 NA
"1848" 58.6153846153846 46.5164835164835 NA
"1849" 58.7032967032967 46.5164835164835 NA
"1850" 58.7912087912088 46.5164835164835 NA
"1851" 58.8791208791209 46.5164835164835 NA
"1852" 58.967032967033 46.5164835164835 NA
"1853" 59.054945054945 46.5164835164835 NA
"1854" 59.1428571428571 46.5164835164835 NA
"1855" 59.2307692307692 46.5164835164835 NA
"1856" 59.3186813186813 46.5164835164835 NA
"1857" 59.4065934065934 46.5164835164835 NA
"1858" 59.4945054945055 46.5164835164835 NA
"1859" 59.5824175824176 46.5164835164835 NA
"1860" 59.6703296703297 46.5164835164835 NA
"1861" 59.7582417582418 46.5164835164835 NA
"1862" 59.8461538461538 46.5164835164835 NA
"1863" 59.9340659340659 46.5164835164835 5.37031796370253
"1864" 60.021978021978 46.5164835164835 7.32824533138904
"1865" 60.1098901098901 46.5164835164835 5.55904257270403
"1866" 60.1978021978022 46.5164835164835 5.01187233627272
"1867" 60.2857142857143 46.5164835164835 5.01187233627272
"1868" 60.3736263736264 46.5164835164835 5.18800038928961
"1869" 60.4615384615385 46.5164835164835 5.18800038928961
"1870" 60.5494505494505 46.5164835164835 5.18800038928961
"1871" 60.6373626373626 46.5164835164835 4.67735141287198
"1872" 60.7252747252747 46.5164835164835 3.93550075455777
"1873" 60.8131868131868 46.5164835164835 5.55904257270403
"1874" 60.9010989010989 46.5164835164835 5.55904257270403
"1875" 60.989010989011 46.5164835164835 6.60693448007596
"1876" 61.0769230769231 46.5164835164835 4.84172367584099
"1877" 61.1648351648352 46.5164835164835 4.84172367584099
"1878" 61.2527472527473 46.5164835164835 6.16595001861482
"1879" 61.3406593406593 46.5164835164835 6.16595001861482
"1880" 61.4285714285714 46.5164835164835 NA
"1881" 61.5164835164835 46.5164835164835 NA
"1882" 61.6043956043956 46.5164835164835 NA
"1883" 61.6923076923077 46.5164835164835 NA
"1884" 61.7802197802198 46.5164835164835 NA
"1885" 61.8681318681319 46.5164835164835 NA
"1886" 61.956043956044 46.5164835164835 NA
"1887" 58 46.6043956043956 NA
"1888" 58.0879120879121 46.6043956043956 NA
"1889" 58.1758241758242 46.6043956043956 NA
"1890" 58.2637362637363 46.6043956043956 NA
"1891" 58.3516483516484 46.6043956043956 NA
"1892" 58.4395604395604 46.6043956043956 NA
"1893" 58.5274725274725 46.6043956043956 NA
"1894" 58.6153846153846 46.6043956043956 NA
"1895" 58.7032967032967 46.6043956043956 NA
"1896" 58.7912087912088 46.6043956043956 NA
"1897" 58.8791208791209 46.6043956043956 NA
"1898" 58.967032967033 46.6043956043956 NA
"1899" 59.054945054945 46.6043956043956 NA
"1900" 59.1428571428571 46.6043956043956 NA
"1901" 59.2307692307692 46.6043956043956 NA
"1902" 59.3186813186813 46.6043956043956 NA
"1903" 59.4065934065934 46.6043956043956 NA
"1904" 59.4945054945055 46.6043956043956 NA
"1905" 59.5824175824176 46.6043956043956 NA
"1906" 59.6703296703297 46.6043956043956 NA
"1907" 59.7582417582418 46.6043956043956 NA
"1908" 59.8461538461538 46.6043956043956 NA
"1909" 59.9340659340659 46.6043956043956 5.37031796370253
"1910" 60.021978021978 46.6043956043956 5.37031796370253
"1911" 60.1098901098901 46.6043956043956 5.18800038928961
"1912" 60.1978021978022 46.6043956043956 4.84172367584099
"1913" 60.2857142857143 46.6043956043956 5.37031796370253
"1914" 60.3736263736264 46.6043956043956 5.37031796370253
"1915" 60.4615384615385 46.6043956043956 5.37031796370253
"1916" 60.5494505494505 46.6043956043956 4.67735141287198
"1917" 60.6373626373626 46.6043956043956 4.67735141287198
"1918" 60.7252747252747 46.6043956043956 4.21696503428582
"1919" 60.8131868131868 46.6043956043956 4.21696503428582
"1920" 60.9010989010989 46.6043956043956 NA
"1921" 60.989010989011 46.6043956043956 NA
"1922" 61.0769230769231 46.6043956043956 NA
"1923" 61.1648351648352 46.6043956043956 5.75439937337157
"1924" 61.2527472527473 46.6043956043956 6.16595001861482
"1925" 61.3406593406593 46.6043956043956 6.16595001861482
"1926" 61.4285714285714 46.6043956043956 5.75439937337157
"1927" 61.5164835164835 46.6043956043956 NA
"1928" 61.6043956043956 46.6043956043956 NA
"1929" 61.6923076923077 46.6043956043956 NA
"1930" 61.7802197802198 46.6043956043956 NA
"1931" 61.8681318681319 46.6043956043956 NA
"1932" 61.956043956044 46.6043956043956 NA
"1933" 58 46.6923076923077 NA
"1934" 58.0879120879121 46.6923076923077 NA
"1935" 58.1758241758242 46.6923076923077 NA
"1936" 58.2637362637363 46.6923076923077 NA
"1937" 58.3516483516484 46.6923076923077 NA
"1938" 58.4395604395604 46.6923076923077 NA
"1939" 58.5274725274725 46.6923076923077 NA
"1940" 58.6153846153846 46.6923076923077 NA
"1941" 58.7032967032967 46.6923076923077 NA
"1942" 58.7912087912088 46.6923076923077 NA
"1943" 58.8791208791209 46.6923076923077 NA
"1944" 58.967032967033 46.6923076923077 NA
"1945" 59.054945054945 46.6923076923077 NA
"1946" 59.1428571428571 46.6923076923077 NA
"1947" 59.2307692307692 46.6923076923077 NA
"1948" 59.3186813186813 46.6923076923077 NA
"1949" 59.4065934065934 46.6923076923077 NA
"1950" 59.4945054945055 46.6923076923077 NA
"1951" 59.5824175824176 46.6923076923077 NA
"1952" 59.6703296703297 46.6923076923077 NA
"1953" 59.7582417582418 46.6923076923077 NA
"1954" 59.8461538461538 46.6923076923077 NA
"1955" 59.9340659340659 46.6923076923077 5.75439937337157
"1956" 60.021978021978 46.6923076923077 6.38263486190549
"1957" 60.1098901098901 46.6923076923077 6.38263486190549
"1958" 60.1978021978022 46.6923076923077 6.60693448007596
"1959" 60.2857142857143 46.6923076923077 6.60693448007596
"1960" 60.3736263736264 46.6923076923077 NA
"1961" 60.4615384615385 46.6923076923077 NA
"1962" 60.5494505494505 46.6923076923077 NA
"1963" 60.6373626373626 46.6923076923077 NA
"1964" 60.7252747252747 46.6923076923077 NA
"1965" 60.8131868131868 46.6923076923077 NA
"1966" 60.9010989010989 46.6923076923077 NA
"1967" 60.989010989011 46.6923076923077 NA
"1968" 61.0769230769231 46.6923076923077 NA
"1969" 61.1648351648352 46.6923076923077 NA
"1970" 61.2527472527473 46.6923076923077 4.84172367584099
"1971" 61.3406593406593 46.6923076923077 5.75439937337157
"1972" 61.4285714285714 46.6923076923077 5.75439937337157
"1973" 61.5164835164835 46.6923076923077 NA
"1974" 61.6043956043956 46.6923076923077 NA
"1975" 61.6923076923077 46.6923076923077 NA
"1976" 61.7802197802198 46.6923076923077 NA
"1977" 61.8681318681319 46.6923076923077 NA
"1978" 61.956043956044 46.6923076923077 NA
"1979" 58 46.7802197802198 NA
"1980" 58.0879120879121 46.7802197802198 NA
"1981" 58.1758241758242 46.7802197802198 NA
"1982" 58.2637362637363 46.7802197802198 NA
"1983" 58.3516483516484 46.7802197802198 NA
"1984" 58.4395604395604 46.7802197802198 NA
"1985" 58.5274725274725 46.7802197802198 NA
"1986" 58.6153846153846 46.7802197802198 NA
"1987" 58.7032967032967 46.7802197802198 NA
"1988" 58.7912087912088 46.7802197802198 NA
"1989" 58.8791208791209 46.7802197802198 NA
"1990" 58.967032967033 46.7802197802198 NA
"1991" 59.054945054945 46.7802197802198 NA
"1992" 59.1428571428571 46.7802197802198 NA
"1993" 59.2307692307692 46.7802197802198 NA
"1994" 59.3186813186813 46.7802197802198 NA
"1995" 59.4065934065934 46.7802197802198 NA
"1996" 59.4945054945055 46.7802197802198 NA
"1997" 59.5824175824176 46.7802197802198 NA
"1998" 59.6703296703297 46.7802197802198 NA
"1999" 59.7582417582418 46.7802197802198 NA
"2000" 59.8461538461538 46.7802197802198 NA
"2001" 59.9340659340659 46.7802197802198 NA
"2002" 60.021978021978 46.7802197802198 NA
"2003" 60.1098901098901 46.7802197802198 NA
"2004" 60.1978021978022 46.7802197802198 NA
"2005" 60.2857142857143 46.7802197802198 NA
"2006" 60.3736263736264 46.7802197802198 NA
"2007" 60.4615384615385 46.7802197802198 NA
"2008" 60.5494505494505 46.7802197802198 NA
"2009" 60.6373626373626 46.7802197802198 NA
"2010" 60.7252747252747 46.7802197802198 NA
"2011" 60.8131868131868 46.7802197802198 NA
"2012" 60.9010989010989 46.7802197802198 NA
"2013" 60.989010989011 46.7802197802198 NA
"2014" 61.0769230769231 46.7802197802198 NA
"2015" 61.1648351648352 46.7802197802198 NA
"2016" 61.2527472527473 46.7802197802198 NA
"2017" 61.3406593406593 46.7802197802198 NA
"2018" 61.4285714285714 46.7802197802198 NA
"2019" 61.5164835164835 46.7802197802198 NA
"2020" 61.6043956043956 46.7802197802198 NA
"2021" 61.6923076923077 46.7802197802198 NA
"2022" 61.7802197802198 46.7802197802198 NA
"2023" 61.8681318681319 46.7802197802198 NA
"2024" 61.956043956044 46.7802197802198 NA
"2025" 58 46.8681318681319 NA
"2026" 58.0879120879121 46.8681318681319 NA
"2027" 58.1758241758242 46.8681318681319 NA
"2028" 58.2637362637363 46.8681318681319 NA
"2029" 58.3516483516484 46.8681318681319 NA
"2030" 58.4395604395604 46.8681318681319 NA
"2031" 58.5274725274725 46.8681318681319 NA
"2032" 58.6153846153846 46.8681318681319 NA
"2033" 58.7032967032967 46.8681318681319 NA
"2034" 58.7912087912088 46.8681318681319 NA
"2035" 58.8791208791209 46.8681318681319 NA
"2036" 58.967032967033 46.8681318681319 NA
"2037" 59.054945054945 46.8681318681319 NA
"2038" 59.1428571428571 46.8681318681319 NA
"2039" 59.2307692307692 46.8681318681319 NA
"2040" 59.3186813186813 46.8681318681319 NA
"2041" 59.4065934065934 46.8681318681319 NA
"2042" 59.4945054945055 46.8681318681319 NA
"2043" 59.5824175824176 46.8681318681319 NA
"2044" 59.6703296703297 46.8681318681319 NA
"2045" 59.7582417582418 46.8681318681319 NA
"2046" 59.8461538461538 46.8681318681319 NA
"2047" 59.9340659340659 46.8681318681319 NA
"2048" 60.021978021978 46.8681318681319 NA
"2049" 60.1098901098901 46.8681318681319 NA
"2050" 60.1978021978022 46.8681318681319 NA
"2051" 60.2857142857143 46.8681318681319 NA
"2052" 60.3736263736264 46.8681318681319 NA
"2053" 60.4615384615385 46.8681318681319 NA
"2054" 60.5494505494505 46.8681318681319 NA
"2055" 60.6373626373626 46.8681318681319 NA
"2056" 60.7252747252747 46.8681318681319 NA
"2057" 60.8131868131868 46.8681318681319 NA
"2058" 60.9010989010989 46.8681318681319 NA
"2059" 60.989010989011 46.8681318681319 NA
"2060" 61.0769230769231 46.8681318681319 NA
"2061" 61.1648351648352 46.8681318681319 NA
"2062" 61.2527472527473 46.8681318681319 NA
"2063" 61.3406593406593 46.8681318681319 NA
"2064" 61.4285714285714 46.8681318681319 NA
"2065" 61.5164835164835 46.8681318681319 NA
"2066" 61.6043956043956 46.8681318681319 NA
"2067" 61.6923076923077 46.8681318681319 NA
"2068" 61.7802197802198 46.8681318681319 NA
"2069" 61.8681318681319 46.8681318681319 NA
"2070" 61.956043956044 46.8681318681319 NA
"2071" 58 46.956043956044 NA
"2072" 58.0879120879121 46.956043956044 NA
"2073" 58.1758241758242 46.956043956044 NA
"2074" 58.2637362637363 46.956043956044 NA
"2075" 58.3516483516484 46.956043956044 NA
"2076" 58.4395604395604 46.956043956044 NA
"2077" 58.5274725274725 46.956043956044 NA
"2078" 58.6153846153846 46.956043956044 NA
"2079" 58.7032967032967 46.956043956044 NA
"2080" 58.7912087912088 46.956043956044 NA
"2081" 58.8791208791209 46.956043956044 NA
"2082" 58.967032967033 46.956043956044 NA
"2083" 59.054945054945 46.956043956044 NA
"2084" 59.1428571428571 46.956043956044 NA
"2085" 59.2307692307692 46.956043956044 NA
"2086" 59.3186813186813 46.956043956044 NA
"2087" 59.4065934065934 46.956043956044 NA
"2088" 59.4945054945055 46.956043956044 NA
"2089" 59.5824175824176 46.956043956044 NA
"2090" 59.6703296703297 46.956043956044 NA
"2091" 59.7582417582418 46.956043956044 NA
"2092" 59.8461538461538 46.956043956044 NA
"2093" 59.9340659340659 46.956043956044 NA
"2094" 60.021978021978 46.956043956044 NA
"2095" 60.1098901098901 46.956043956044 NA
"2096" 60.1978021978022 46.956043956044 NA
"2097" 60.2857142857143 46.956043956044 NA
"2098" 60.3736263736264 46.956043956044 NA
"2099" 60.4615384615385 46.956043956044 NA
"2100" 60.5494505494505 46.956043956044 NA
"2101" 60.6373626373626 46.956043956044 NA
"2102" 60.7252747252747 46.956043956044 NA
"2103" 60.8131868131868 46.956043956044 NA
"2104" 60.9010989010989 46.956043956044 NA
"2105" 60.989010989011 46.956043956044 NA
"2106" 61.0769230769231 46.956043956044 NA
"2107" 61.1648351648352 46.956043956044 NA
"2108" 61.2527472527473 46.956043956044 NA
"2109" 61.3406593406593 46.956043956044 NA
"2110" 61.4285714285714 46.956043956044 NA
"2111" 61.5164835164835 46.956043956044 NA
"2112" 61.6043956043956 46.956043956044 NA
"2113" 61.6923076923077 46.956043956044 NA
"2114" 61.7802197802198 46.956043956044 NA
"2115" 61.8681318681319 46.956043956044 NA
"2116" 61.956043956044 46.956043956044 NA
